9.000000000000000000e+02 6.668693712058924028e-01 1.780140914664969654e-02 -2.161304562645823157e+00 -1.044122328983627446e+00 -1.427047320580381029e-01 7.378819438294987876e-01 1.004216158074586529e+00 -5.176742317547272876e+00 9.042757302664840291e-02 -7.071516964749562373e-01 9.262763329341372476e-01 2.625424521345500750e+00 2.613391572592327350e-09 -2.300982140934770825e-08 4.790476945681909626e-08 6.851927147888403624e-08
8.990000000000000000e+02 9.653894966880628425e-01 -1.620771450287094906e+00 -3.737364432534711511e+00 1.866549200153200472e+00 -5.409626078055719545e-02 1.748125732067472848e-01 6.158598243719756171e-01 -8.572220703169817213e-01 8.154223268807176545e-03 -1.753979816018781113e-01 1.827631243926722160e+00 -3.583350313286148142e-02 6.929702893325998549e-17 -3.899209780714785040e-16 -2.615263483253129830e-15 3.779563349434073174e-16
8.980000000000000000e+02 9.112039019184908772e-01 -1.274835835348246071e+00 -2.192231991132142621e+00 1.076080764662393108e+00 -8.573591679785078079e-02 3.013213077985089083e-01 -1.295726512677601638e+00 -8.062973876700924025e-01 2.881032903008423282e-02 -2.503053270584817969e-01 4.157117494506355371e+00 2.231093249053718308e-01 -1.566891511675906033e-16 7.414482720583571724e-16 5.766232639668609139e-16 -1.116007028810151933e-15
8.970000000000000000e+02 5.910672889648057593e-01 2.056831013809150288e-01 1.248840886419110063e+00 -4.918969644061670365e-01 -1.086356798935724510e-01 4.047407108205010595e-01 -8.651281396063381646e-01 -8.480491014675831662e-01 6.227924031684094891e-02 -4.077846169709327673e-01 3.505564908946432023e+00 4.949127310788960510e-01 1.921170904216739466e-16 -7.161096387832694007e-16 -4.036807076844191875e-15 7.784836693288632830e-16
8.960000000000000000e+02 7.423128762064697961e-01 -4.835178548093325701e-01 -1.063283648575097384e+00 -4.094388702796816076e-02 -1.109300387559998546e-01 4.024611166748970348e-01 -7.987429737002421648e-01 -8.714849106438863346e-01 6.712613204439217551e-02 -3.954000296360338784e-01 1.925078750869358535e+00 5.359178950556998666e-01 2.678670318276667622e-16 -1.200323027646617289e-15 -1.011511695887020675e-15 1.103538942054585047e-15
8.950000000000000000e+02 7.305580395584730935e-01 -4.318103953957208030e-01 -2.631804823839481999e-01 7.069849388057357353e-02 -1.130849679560166354e-01 3.670204144134053825e-01 -1.172652231989822630e-01 -8.810334989418371343e-01 5.665491947044126037e-02 -3.087690613175662069e-01 6.874859524922503073e-01 4.385838029260552551e-01 6.063085245657617078e-17 -2.638962563490437470e-16 1.185079124587391905e-15 7.863267278905726243e-16
8.940000000000000000e+02 7.475697665082451371e-01 -4.991310082188801234e-01 -1.302269834055318765e-01 2.768089844800662447e-01 -1.101640302928780790e-01 3.747349082840712997e-01 -2.364089972963981656e-01 -1.060823878931485886e+00 4.608931935798069035e-02 -2.846426526909855426e-01 5.384813167941912004e-01 4.916660039997265419e-01 -4.641662547821802108e-17 2.591975420790393663e-16 1.408444531809878485e-15 -1.617634802955394946e-16
8.930000000000000000e+02 7.409212370092461697e-01 -5.035680266402707828e-01 -1.967338470489164715e-01 1.033691763021029192e-01 -1.785131090713385493e-01 6.233276572344651489e-01 4.397321905401205822e-01 -9.122455783444242128e-01 1.441357696682376843e-01 -6.584168783567144745e-01 -8.106968056811744705e-02 5.885099494724707059e-01 4.067919735197365199e-17 -2.532770125611227092e-16 1.552365709749036922e-15 9.937945873163495179e-16
8.920000000000000000e+02 6.196590950741176496e-01 -4.356603459911800175e-02 -6.248900536057606231e-02 -4.298358419187625623e-01 -8.723915171799893897e-02 2.493589823442384779e-01 3.650545955471153348e-01 -4.399437508043587131e-01 6.367807145859531726e-02 -3.291638292143122535e-01 -7.892788455219135191e-02 1.564803884632917641e-01 -3.115872321430578998e-18 1.017719317461677949e-16 -6.162727174091571026e-17 1.146072486434000475e-16
8.910000000000000000e+02 7.157976343131409180e-01 -3.892080599266421470e-01 -3.273184725372664250e-01 9.461514776533001825e-02 2.085948896347791445e-02 -1.579655066883058345e-01 -8.570840774882290680e-02 -2.335136192286491885e-01 7.692769939152969971e-02 -3.524371171595678809e-01 6.216577907608587111e-02 2.627947007690817349e-01 1.993973956787869242e-16 -6.437155343808184912e-16 -4.119770075377858332e-16 3.380516400338568660e-16
8.900000000000000000e+02 7.021697633494445867e-01 -3.649866699161388728e-01 -1.655341917913325800e-01 -1.162165245110602374e-01 -3.168833740598271387e-01 1.007103855210939924e+00 5.961290780661760991e-01 -1.324982907308889457e+00 2.824923649302191198e-01 -1.052736651912725918e+00 -3.310290856508460999e-01 9.809755497196639418e-01 5.697728781817017063e-18 -3.310253561525946354e-17 -3.010992850794061789e-16 -9.253880278250799110e-17
8.890000000000000000e+02 7.432305816069723070e-01 -4.742295582734041282e-01 -8.465464919214413242e-02 2.090747689933818709e-01 -2.161631746013382635e-02 -2.627207683403100583e-02 1.114490907745730452e-01 -3.787410186190295902e-01 1.368380843707942551e-01 -5.211697247140524292e-01 6.260570758000601199e-02 7.144311734930675062e-01 -3.066434068867611933e-16 1.029815861155865617e-15 2.081763892512653150e-16 -1.482669246258118195e-15
8.880000000000000000e+02 7.262682876405773813e-01 -4.705439343290575560e-01 -2.598832420602457671e-01 -1.029571791047682455e-01 4.273299692145410278e-02 -2.388656839036984725e-01 9.085753281395766989e-02 -4.506401193127767407e-02 6.393461827976443246e-02 -2.916398488970357028e-01 9.474121269898770625e-02 3.159734696863085723e-01 3.249393725209890497e-16 -1.118926407478997837e-15 -3.229979922378314352e-16 1.368730263803505091e-15
8.870000000000000000e+02 7.155767538446847764e-01 -4.272844898525423041e-01 -2.801606378838723543e-01 -1.935660944895085944e-01 1.505590592660976945e-03 -6.286198469730375216e-02 2.416181911040571340e-01 7.738236910965863580e-02 7.986598537946543175e-02 -3.364768852296403656e-01 2.229636441258397994e-03 4.731397427150327850e-01 -1.988739409264361768e-09 1.142946570720226873e-09 -3.780847288026301101e-09 -2.234160834113652072e-08
8.860000000000000000e+02 7.160154267986331700e-01 -3.955268246804724552e-01 -2.088096941030370135e-01 1.463131615107101102e-01 1.616479710402582981e-01 -6.420552160232828598e-01 1.286740343800006070e-01 8.439191160689859528e-01 -3.658816726984361750e-02 4.848710985310764054e-02 1.705957058838891427e-01 -2.189245739919771228e-01 -5.248750148311593822e-17 1.954985774688305095e-16 1.386467955936539018e-16 -1.620410142803020614e-16
8.850000000000000000e+02 7.628595641656731319e-01 -6.114830279373930644e-01 -4.144231167140928207e-01 -7.072135487372394058e-01 -8.798423712539832353e-02 2.764471744862488367e-01 6.575849154071460312e-01 -1.022421040015863147e-01 5.529814850883284921e-02 -2.762380231306826306e-01 -3.268789431385150934e-02 3.112634199212805375e-01 6.334922090125673843e-16 -2.172652178805542232e-15 -1.637139815270804557e-15 4.606991107010519442e-15
8.840000000000000000e+02 7.974138566886137536e-01 -6.472825414709667546e-01 -5.073939278608435854e-01 1.010206326589812242e+00 -8.963597384183619177e-02 2.911690765183558294e-01 8.740922100855511578e-01 -2.518690695380754740e-01 1.131080905405004167e-01 -4.830781969170880319e-01 -4.634419039438253951e-01 9.069930884976167285e-01 6.934361571950957787e-17 -2.993859653153694877e-16 -3.302962667529812085e-16 3.542294300046546179e-16
8.830000000000000000e+02 7.312330252546905829e-01 -4.212146493207565845e-01 1.127441114322477178e-01 -3.649110292652172349e-01 -2.300397840101336411e-01 7.743835931115662374e-01 1.879142369330946805e+00 -1.673258224299529973e+00 7.691727843902880501e-02 -3.338232369049776715e-01 -4.322783863673108073e-01 7.981045467454382925e-01 3.369402662190199135e-17 -9.321691800405345021e-17 -1.271928529485923418e-16 4.869024062101990527e-16
8.820000000000000000e+02 7.253509578398210644e-01 -3.859419040466869344e-01 2.251352402600539648e-01 -4.038208878882296182e-01 -2.090698600932193452e-01 8.039698155278017788e-01 1.704104378635210582e+00 -5.519312408828364047e-01 1.379617124953176621e-01 -6.475045087355900675e-01 -7.935987048394720356e-01 3.800367894704334004e-01 -4.752535769176878555e-17 2.031655496991486835e-16 2.819019976003464013e-16 -4.480431811545416165e-17
8.810000000000000000e+02 7.358350306391044926e-01 -4.056868057431712860e-01 -3.028831595752479178e-01 -2.242476285859395027e-02 -7.790240749425265954e-02 2.397906834593511449e-01 7.894126362394850993e-01 -1.755840732451171560e-01 1.179895527035342839e-01 -5.434720072631737953e-01 -5.263446972078665853e-01 1.657572021548226193e-01 6.466100171879732339e-17 -2.308976708670025974e-16 -2.780195364734129165e-16 -7.003162528780148416e-18
8.800000000000000000e+02 7.414711160017826153e-01 -4.363018344418453931e-01 -8.523178850686265184e-02 -3.568079907963441211e-01 -8.418765229090009738e-02 2.428943787330530291e-01 5.904281273101485983e-01 -6.152280634504023182e-02 2.772543961821545555e-02 -1.663739475339837126e-01 -5.440560484010900644e-02 1.895512903848594333e-01 -2.223452867320555588e-16 6.146295859880470671e-16 9.216011122627508950e-16 -7.846948990653525134e-16
8.790000000000000000e+02 7.008619344236696191e-01 -2.880089264427518891e-01 -2.272877344046007886e-02 -2.675394724139667502e-01 -6.589351672501052304e-02 1.699791293995412123e-01 4.735660946869206245e-01 1.181418503734595615e-01 1.252539032005873243e-01 -5.194016052454915044e-01 -3.134938208367278323e-01 1.281111870744101600e-01 2.752612506084762548e-16 -1.115681400890214308e-15 -9.196053405116197030e-16 3.723679986779501185e-16
8.780000000000000000e+02 7.338931750139399135e-01 -4.276917873934883985e-01 -1.191976276533124671e-02 -2.427783614115621436e-01 -1.923352760318279009e-01 5.927465511546751165e-01 7.562956254130095424e-01 6.146513977819649810e-01 1.662816406258460777e-01 -6.352779224312468109e-01 -3.430998791696396322e-01 -3.353879499882363446e-01 -4.745009703596692397e-16 1.624973618005956250e-15 1.219509504288661304e-15 1.130830661252473824e-15
8.770000000000000000e+02 7.521547279459062096e-01 -5.057196533203084376e-01 -2.247931873545165882e-01 -1.166822434352061677e-01 -1.505159101894545381e-01 4.107483690453626601e-01 6.812566476599306586e-01 6.320179790523747787e-01 9.019131562260256085e-02 -3.417482513413318546e-01 -1.947565571815585150e-01 -2.065781504558799053e-01 2.329131715995262151e-17 -8.062377394757773500e-17 -6.549390187169584898e-17 1.435444236399201342e-17
8.760000000000000000e+02 6.913407565771875207e-01 -2.972874298962986939e-01 -9.542794267637341732e-02 -1.380794785335954511e-01 -1.584680544944506719e-01 4.233480922043484918e-01 5.840747100600605091e-01 6.482436220854802533e-01 1.575898509967229300e-01 -5.450922604476611255e-01 -2.946726516664228690e-01 -3.466509407475428239e-01 -8.013116225020341788e-17 1.696787690955175788e-16 2.038635861698801986e-16 2.606608469165222112e-16
8.750000000000000000e+02 7.678049531447135312e-01 -5.503207570363891632e-01 -1.858670226998831720e-01 -3.618528438870195485e-01 9.289434761958478143e-03 -7.831302896101015321e-02 1.721071326856176142e-01 1.205805148130106724e-01 6.946500871381505737e-02 -2.417860518606708420e-01 -1.296468506765778572e-01 -1.252372983521290173e-01 1.355256090503779759e-16 -3.492281372024814024e-16 -7.290603556477589261e-16 -4.726891085692591063e-16
8.740000000000000000e+02 6.703265581893593783e-01 -3.043851119883358436e-01 2.073679667844206820e-01 -1.922372308495726156e-02 1.363997509594448432e-01 -4.192392666134938661e-01 -3.196380608974501714e-01 -1.424236620506024176e-01 1.387681940684391546e-01 -4.277808630468974416e-01 -4.463017028357769700e-01 -1.980321704187985865e-01 2.975056104248530175e-09 -8.298082859736766181e-09 -2.421247893846789623e-08 -6.018939568974701615e-09
8.730000000000000000e+02 7.566241751921654046e-01 -5.071301444945747194e-01 -2.275081062500168283e-01 -1.793121632163122703e-01 2.172635121952493364e-01 -6.183221870822772637e-01 -8.853869479091871497e-01 -4.196596254786280622e-01 -1.213951234640212561e-02 -2.839846153475958021e-02 1.635919215237778279e-01 1.631474255718527722e-01 1.049928770984982285e-18 5.532017011707035889e-17 1.920259210561001896e-16 -1.019241362876000022e-17
8.720000000000000000e+02 7.788920390875905264e-01 -5.924528104530631945e-01 9.068223070063866076e-02 -4.628830093038727861e-02 1.143271234320284574e-01 -3.367621290156602165e-01 -6.711282979063664111e-01 -1.900709289360517917e-01 1.916145053082555713e-02 -1.217471513027476027e-01 8.893746687971328113e-02 1.134713942278462034e-01 1.240255589443824039e-16 -3.376279242097020906e-16 -7.032186592482572298e-16 -3.605330541612047964e-16
8.710000000000000000e+02 8.349881926686421041e-01 -7.109441362243136275e-01 -3.667634234876635535e-01 -3.652699230189600521e-01 3.992045734604229151e-02 -1.449899556032825665e-01 -2.824025580621853382e-01 9.344739985620953426e-02 9.910722790645602742e-02 -2.915272277102188281e-01 -8.402890298812878411e-01 -3.540225748940151185e-01 3.991718318613040941e-16 -1.011975587046346539e-15 -3.694265086855090898e-15 -2.068888157916330331e-15
8.700000000000000000e+02 8.030035214577930791e-01 -5.976598438124296475e-01 -1.810204558836996380e-01 -3.902936193567998480e-01 -9.560382713842427438e-02 -1.604490134426515835e-01 3.748323400123565463e+00 2.304816677907611133e+00 1.350962132380495728e-01 -1.712699264852254877e-01 -2.995556431388874952e+00 -1.573330591923828958e+00 -1.217639284492445249e-16 1.873819669698274318e-16 2.305707244211685630e-15 1.349622891270620134e-15
8.690000000000000000e+02 7.542261535589633858e-01 -4.570208719916605267e-01 4.640898968751275833e-01 1.956073529580447112e-01 -2.662311984912404950e-02 -2.764642213708758955e-01 2.532326316229976726e+00 2.268457278647178388e+00 5.316138470015572409e-02 3.412446985634962071e-03 -2.040830924705092642e+00 -1.491365348045456729e+00 3.318424285359000692e-10 -3.206613807815728023e-09 1.569365262743538381e-09 5.002013780952552224e-08
8.680000000000000000e+02 6.990988370156850928e-01 -2.383341572432975675e-01 5.289516112238834555e-01 3.798769372615850570e-01 -1.460268778469161755e-01 2.276845810388205271e-01 2.308795258720330867e+00 3.412588659065051377e+00 1.093875333573575970e-01 -2.975012240113758533e-01 -1.639707175001987816e+00 -1.921642955409821996e+00 1.337420571028421636e-16 -4.283534757451660123e-16 -9.497962020250537343e-16 -1.540861503474053577e-15
8.670000000000000000e+02 7.601370838901780891e-01 -4.376010165444558786e-01 2.432105113572929633e-01 -3.104446463595443295e-01 -9.914126136575655834e-02 2.996147653255032406e-01 4.294032696500932333e-01 1.319893515500831116e+00 4.536441237424746094e-03 -7.276542316209390349e-02 -2.241651377022831904e-01 4.494198697456965041e-02 -4.837284244507366235e-16 2.006859028598946559e-15 5.728843149538926228e-17 3.209798425214346624e-15
8.660000000000000000e+02 7.851835050744376820e-01 -5.245181710189715796e-01 6.204801509172067076e-02 -3.434032425992684656e-01 -8.631417849351308291e-02 2.806290573062927840e-01 -8.277965173025683687e-02 7.322080101191205115e-01 2.869243190637551025e-02 -1.759655694780355162e-01 -6.557821233353684776e-02 6.409537516691093950e-02 -1.117487424026270736e-17 1.759687389816963444e-16 4.346558254231873997e-16 6.082267051210742007e-16
8.650000000000000000e+02 7.619791037435740266e-01 -4.563805471487193954e-01 1.714962901819907237e-01 -1.320223968907401346e-01 -1.148184759782954201e-01 3.735707466603929161e-01 -1.680374608032407513e-01 8.273760374412373331e-01 6.076912173952921103e-02 -2.906940755944514287e-01 -6.828257306683138683e-02 -8.262494094243255649e-02 -7.709600249063300683e-17 3.984918513474773280e-16 -1.162088506346762456e-16 9.024127905943505796e-17
8.640000000000000000e+02 7.356786901102920773e-01 -3.533564862747057278e-01 1.553479775158693454e-01 4.984843781191322654e-03 -2.288550740945872464e-01 7.309566342959770147e-01 -4.898589466997008701e-01 1.601118131040090153e+00 1.366921181380223449e-01 -5.446008568682932927e-01 1.597951779630853997e-01 -5.014612547323346048e-01 -2.998459466829750397e-09 1.112192520025256925e-08 7.486206113349602731e-09 4.174570245041309136e-09
8.630000000000000000e+02 7.507759394575438394e-01 -3.685961159438040924e-01 1.793450561942697419e-01 -2.034365718305931603e-01 -1.685095100585453920e-01 4.759886297183358317e-01 -6.231770759597811127e-01 1.848762215302772072e+00 1.489201611190082430e-01 -5.845581374743580305e-01 2.758722102795438946e-01 -8.643631593587431938e-01 5.446713928319443654e-17 -2.197664370214969627e-16 1.720603105873832887e-16 2.448143361636070464e-16
8.620000000000000000e+02 7.741267991127327441e-01 -4.705636618638819879e-01 8.692045996015503040e-02 -1.342228107494467804e-01 -2.067751368568838399e-01 5.269078051200714041e-01 -1.259772093339289745e+00 2.971371391707329224e+00 1.686127913764529640e-01 -6.177255334292542921e-01 6.931676535716996268e-01 -1.558808670607244595e+00 -6.020464154550120569e-18 4.842881924605022833e-18 -8.671521924597285515e-17 2.211163740676924243e-16
8.610000000000000000e+02 7.552455409392186958e-01 -3.626122334353684695e-01 2.010325760716122900e-01 -3.895599769251758548e-01 -1.447683678237410010e-01 2.978046618868727125e-01 -1.489003763340483566e+00 2.939438071779950867e+00 1.123791562649514991e-01 -4.243505182874729442e-01 7.614321310013311139e-01 -1.405004888798940588e+00 2.114042598630816191e-17 -5.727749947641376147e-17 2.287220750137860525e-16 -7.073392346542717605e-16
8.600000000000000000e+02 7.237743757803632993e-01 -2.516416684186368879e-01 -2.155341892471409337e-01 5.462846355223547334e-01 -1.542357120681182026e-01 3.498967511360581706e-01 -2.031516254544125655e+00 3.505642108824268632e+00 1.662351040485221254e-01 -6.003407024791332924e-01 1.697433544721472787e+00 -2.972571486276515795e+00 1.859507931360585967e-16 -4.613301097149063829e-16 2.365542760027750227e-15 -4.074331880487198660e-15
8.590000000000000000e+02 7.727992493376319993e-01 -3.563858794946581643e-01 2.099173308435404173e-01 -6.487042038645510211e-02 6.950785830578451452e-02 -4.544887852638281878e-01 -2.299743560560618405e-01 4.920139611522877932e-03 5.921199941313850384e-02 -3.405082415617571856e-01 4.798501517295691299e-01 -8.616011758017927402e-01 5.213489362443368691e-09 -2.622046325895244223e-08 1.650775455219744003e-08 -1.091781753892462348e-08
8.580000000000000000e+02 7.717708468676485190e-01 -2.388911302638586920e-01 4.532415810161686265e-01 -4.328996365229270671e-01 -3.182281502568959364e-02 -1.498081143349190396e-02 -1.277671266788955373e+00 1.416586550907060316e+00 7.580240152404200960e-02 -4.326380087834736932e-01 1.302686333685545650e+00 -1.800602192477646080e+00 -1.724354932434577403e-17 1.573915718506650143e-16 5.463551239318797286e-16 -5.868267816681638259e-16
8.570000000000000000e+02 7.743563283717183054e-01 -2.073116566238996927e-01 -1.770366897233338621e-03 1.868603889256759687e-01 -7.780842171730342760e-02 2.058718330341748892e-01 -2.966743903841270402e+00 2.910975549760510983e+00 1.010027634848279510e-01 -6.205860718601023951e-01 2.431157162757812351e+00 -2.705966705021389807e+00 7.023548131979140408e-10 -8.497969009035877264e-09 3.718767545290990739e-08 -2.948782151790396711e-08
8.560000000000000000e+02 7.850741026622558572e-01 -1.740519101686164583e-01 -5.956746456938527556e-01 1.048440651690512926e+00 -1.142643145936815124e-01 5.202653435849848851e-01 -4.244407369674367381e+00 3.396493229985645623e+00 8.821649281203805537e-02 -6.995759884985278676e-01 2.050866950352153051e+00 -1.899653236254364108e+00 7.606483665748256488e-18 -9.758795625492352479e-17 -8.942470269553980697e-17 -2.573710735197824652e-16
8.550000000000000000e+02 7.759523283150185913e-01 -7.591495306149555200e-02 -1.682590132700797492e+00 1.258777925219886740e+00 -7.804015041974056432e-02 3.145533013285128909e-01 -4.618422390081136975e+00 2.837147528508548344e+00 6.770692364526191553e-02 -5.807481361103427053e-01 3.020838256624653440e+00 -2.082591186025295915e+00 -3.695694911557280659e-18 1.306484413165632426e-16 7.537606569528619766e-16 -5.602480590710712564e-16
8.540000000000000000e+02 7.995118453088601029e-01 -1.026929471207307931e-01 -1.205656540266698773e+00 7.341853624031390302e-01 -9.291041797356094922e-02 2.983257652038861507e-01 -6.487857707034864418e+00 3.057717994596353517e+00 5.530852054748180285e-02 -4.651160584601199965e-01 3.455586184952642803e+00 -1.821262699199603929e+00 5.407046812916708233e-18 -1.288518695461858456e-16 -1.132984374869765891e-15 3.950631810910001278e-16
8.530000000000000000e+02 8.185335772419856104e-01 -8.451431454001818999e-02 5.098836759468002855e-01 -6.232822950235546167e-02 -5.401997306924043868e-02 -6.121938161617594965e-01 -1.000395708303669551e+01 4.092960315961617468e+00 3.615705543642339093e-02 -8.834621460985524199e-02 5.162312378518870482e+00 -2.220043950076104444e+00 3.766246076580117512e-18 1.281961990433814004e-16 2.277285864303567884e-15 -1.152858391629254796e-15
8.520000000000000000e+02 8.210840471143414643e-01 -1.195876924139715886e-01 5.588699194821867833e-01 7.749157296311968979e-02 -2.389332333251583968e-03 -1.106772713714779588e+00 -6.859381067837388102e+00 2.172046902896916265e+00 8.714900135830231862e-03 8.490661614790176448e-02 3.616139268231133297e+00 -1.140939318368759725e+00 -1.453256350799127278e-18 -1.321855223928796920e-16 -1.084408066528762891e-15 3.474372762870530715e-16
8.510000000000000000e+02 8.337022878135316173e-01 -4.290540307353788996e-01 -1.860607370825407614e+00 6.500087883167716685e-01 -1.451886993996088192e-02 -7.701627497001916067e-01 -4.111341512353885008e+00 6.445979062455372555e-01 -3.210598038871030797e-03 -5.232719485625350053e-01 -5.097131529249188109e-01 1.020004108532096554e-01 -6.058797978882512392e-18 -1.668299152253124862e-16 -1.883815727193226481e-15 3.321369032617699178e-16
8.500000000000000000e+02 8.525225219712444513e-01 -3.938134010013538688e-02 5.678662411017315614e-01 1.573754677823006876e-01 -6.394059821887312922e-02 -1.788246609762710548e+00 -1.308337662262444390e+01 4.160952399453884398e-01 -6.866319456533936374e-04 -5.685452786705094859e-03 3.163284094251289869e+00 -1.274651899347007400e-01 -8.832715903035201132e-18 -2.063170237190471800e-16 -1.613604765776146795e-15 7.905227523014144950e-17
8.490000000000000000e+02 8.548717819580982091e-01 5.927359712415860432e-02 -6.334370728797638073e-01 -1.010063870973480910e-01 -4.602199803389001032e-02 -9.683542416767534355e-01 -1.181306643279948076e+01 -1.575161634401986754e+00 -8.874466720527706201e-03 -1.199155836966240424e-01 3.902484575671492095e+00 4.825629384084997864e-01 3.055017109054147313e-18 9.629712767414472425e-17 7.467615707701404895e-16 1.118361423061494265e-18
8.480000000000000000e+02 8.660907156801619378e-01 -1.322710236320956689e-01 3.380831200080761101e-01 1.269730132302006043e-01 -3.603303065623235553e-04 2.525798323646050725e-01 -1.158584173150294383e+01 -3.729415465722231371e+00 -3.853470653797202300e-02 -5.806425990639179080e-01 6.440014672195279566e+00 2.046108025141217368e+00 6.983947535731105901e-18 3.392030489767510788e-16 -5.313405318820662953e-16 -3.905268560237200135e-16
8.470000000000000000e+02 8.705706052174906340e-01 -1.362457842020437515e-01 4.385310536330766507e-01 2.999901732931605780e-01 2.007607313046686978e-02 2.746957817056516760e-01 -8.495182394322108976e+00 -3.957648290405808567e+00 -5.451093514259924139e-02 -6.692428693292012953e-01 4.488748535227576220e+00 2.045396544076849565e+00 -1.743339709769646795e-17 -5.881053150363176383e-17 5.183833418329751748e-15 2.250646188421497507e-15
8.460000000000000000e+02 9.025526738301183904e-01 -6.973702406207135662e-02 -1.676193276587466308e+00 -1.038805251936488094e+00 -1.333778899061494917e-02 -1.963446402768296573e-01 -2.255355755651556660e+00 -1.401381263330270466e+00 -3.839679286178138834e-02 -3.576545626459363136e-01 -2.437454184458190676e-01 -1.301566866785688892e-01 -1.407681733766327757e-17 1.895185447135498504e-16 5.140105911528009930e-15 2.205392129725456426e-15
8.450000000000000000e+02 9.273636153089014345e-01 8.814317023941514728e-02 -7.036278341694013339e-01 -5.097255474036083145e-01 -2.108102059707630399e-02 1.084224007835110914e-01 3.237229291147915688e+00 2.186419594222688279e+00 -5.594463570982860512e-02 -6.034425953622110095e-01 -1.965474148192990933e+00 -1.454583974341378205e+00 1.876068904064752477e-17 6.261245137780994045e-16 5.115197121003874114e-15 3.526324962898834240e-15
8.440000000000000000e+02 9.242290097024284945e-01 -8.300162175594373928e-03 -5.743088830171499959e-01 -5.166463627974926531e-01 -8.441410684949463353e-03 3.157042363489721559e-01 3.656287253793823577e+00 2.969897168202517701e+00 -6.252302744720168726e-02 -6.509104301351811284e-01 -2.078798990355538390e+00 -1.793400725170827492e+00 1.657266242058310955e-17 3.366293658362984890e-16 1.807631301725864674e-15 1.602950003266313036e-15
8.430000000000000000e+02 9.566228804055186830e-01 2.193333899647003649e-01 5.195191752327878998e-01 5.090986767333607332e-01 2.332041093549016772e-02 5.249185226554807793e-01 2.807609126801763999e+00 2.668970861853949827e+00 -1.004817589893226976e-01 -8.514626672052746370e-01 -1.392167442773512009e+00 -1.480230490271606802e+00 8.300503450822790653e-18 1.750320390356558365e-16 9.701947803330768162e-16 4.998428970543658913e-16
8.420000000000000000e+02 9.498353615538064343e-01 -3.038291880370277975e-02 1.398012716468666206e-03 -6.968771720860306162e-02 -2.129791792012997176e-02 -1.186836273072722214e-02 9.332187133148019953e-01 9.366651389883036138e-01 -7.281323213723742138e-02 -4.385452392326290028e-01 -1.930694250112807708e-01 -3.174051880940889081e-01 6.075351471901413447e-10 9.477871473762000676e-09 2.994016809476640617e-08 2.304851010048736271e-08
8.410000000000000000e+02 1.022702354982199191e+00 5.682059148930579395e-01 1.225712329617866470e+00 1.829819209299140992e+00 -1.708845149810762631e-01 -1.325083411843303693e+00 -2.215146246113302464e+00 -3.105403566306604191e+00 -2.167279420658143121e-02 6.538325538714592766e-02 9.852397026908333855e-01 1.331475242589640562e+00 -1.824054370600619100e-17 -1.838381399371930494e-16 -3.727634042456402666e-16 -2.866148132318432798e-16
8.400000000000000000e+02 9.875444175829305449e-01 7.155802569716895878e-02 1.265744355957052758e-01 3.018103023037204680e-01 -7.556564332203501155e-02 -4.571642416075894499e-01 -2.163612757886225202e-01 -7.073398128326966461e-01 -1.099725613716057426e-01 -6.301328583669122407e-01 -1.485949244005634329e-01 -3.279787168849517265e-01 -1.366656428122835126e-16 -1.080032627987226764e-15 -1.714986193826934431e-15 -2.764539916159101498e-15
8.390000000000000000e+02 1.064977888825569208e+00 4.134389727120452718e-01 2.773914646354940783e-01 5.252351598221307594e-01 -1.289680472438871905e-01 -7.829544532525578582e-01 -5.410746127196833788e-01 -1.263115131489059406e+00 -6.416659188748373432e-02 -2.561789018938270823e-01 1.823631731922426003e-01 4.008990373729062751e-01 -2.132842940538680400e-17 -2.881814701509615627e-16 2.698140900853440938e-16 -1.351317503104333020e-16
8.380000000000000000e+02 1.031503414199178792e+00 1.528333307319784673e-01 -7.694329668520148713e-02 1.071782519460387911e-01 -1.240210965202879767e-01 -6.556383040181729127e-01 -3.086671444143371801e-01 -8.105402558488344900e-01 -1.051623746004504978e-01 -4.787975839524838406e-01 -1.046425324121490197e-01 -8.068962759665310180e-02 1.079498534009313525e-17 1.508795734531872152e-16 3.133587635019320915e-16 2.317082383841331100e-16
8.370000000000000000e+02 1.059882645921227384e+00 2.149843367605713818e-01 1.146025612915199665e-02 1.623131425906081393e-01 2.873120326805631009e-03 1.030488147556488654e-01 3.530926363537842949e-01 5.276043278930473424e-01 -1.647893163553053875e-01 -7.868524648304993097e-01 -2.594383138386346932e-01 -4.121070592067478389e-01 2.231793250206948187e-09 1.356134364527417091e-08 1.017751351251039438e-08 6.270106656103280329e-10
8.360000000000000000e+02 1.079042430792731544e+00 2.486527274915485142e-01 5.160109153718551306e-02 -9.495211390055825762e-02 -1.904573975542691103e-02 -1.685072745752322701e-02 2.581619630500949225e-01 4.810129689235256856e-01 -1.718448706889533217e-01 -8.010625051833393240e-01 -2.200560216306320371e-01 -8.021746394427679006e-01 -1.212260426754033429e-16 -6.304775194916158231e-16 -3.933707645946329579e-16 -1.375556662798466333e-15
8.350000000000000000e+02 1.123174212761425927e+00 4.586627854332089305e-01 4.609215609188824919e-02 4.984805318626188697e-01 1.444283562888607764e-01 8.342408186892402711e-01 2.691623112761648007e-01 2.165357056862541096e+00 -2.289874550319900004e-01 -1.044642789385883619e+00 9.321285309045466635e-03 -1.275320560251627766e+00 -1.596777187383880462e-16 -7.605164759348765187e-16 -2.467300947340859841e-16 -1.465527438701550372e-15
8.340000000000000000e+02 1.118175249312574060e+00 4.199790937174450178e-01 1.690474403417458263e-02 4.640297990029619291e-01 -9.174099712584823929e-02 -3.673182391533840185e-01 1.075280637383574794e-01 8.702500196698204071e-02 -1.642043707135585617e-01 -6.805602398119277030e-01 2.154455382761860313e-02 -4.964878097554737968e-01 -6.551340186881520468e-16 -3.261929076224918664e-15 2.089024577872816982e-16 -5.542646389284641314e-15
8.330000000000000000e+02 1.074452882413340360e+00 1.500868069143986849e-01 3.526299867569181873e-02 2.512015166102103403e-01 8.161556992581149583e-02 4.928157834584979691e-01 -1.514830274273393229e-01 1.663123829419752342e+00 -3.085330701813185361e-01 -1.336448812443319367e+00 1.582169233837063815e-01 -1.654660849599847827e+00 1.665271327931226571e-16 8.206755649542371589e-16 -4.366955064027747440e-16 2.696387132371040710e-15
8.320000000000000000e+02 1.100047081348749511e+00 2.952016623129785633e-01 -3.262719416845454301e-01 5.235095010004099381e-01 9.925891306847717255e-02 5.708127872017634274e-01 -2.828264221364257813e-01 1.631178929322927074e+00 -2.335314163113640651e-01 -9.255029927860045635e-01 -6.666630661821376647e-02 -6.123601311447239848e-01 -1.739241935597217288e-16 -7.949746770288685268e-16 2.298433630018547594e-16 -1.494167560318803172e-15
8.310000000000000000e+02 1.106669298389800105e+00 3.121247079981296912e-01 -4.521848332386907421e-01 3.034215950331334843e-01 -9.392162917828966728e-02 -3.335556846389863828e-01 -1.840818902986654515e-02 1.625887346968003522e-01 -1.133979121452355215e-01 -3.961850736811134976e-01 9.379700801484157358e-02 -1.960558141435419510e-01 5.952406825336796869e-17 2.349650668314360940e-16 -4.746180540530633643e-17 5.007253531841721625e-16
8.300000000000000000e+02 1.107976010407109246e+00 2.745224744194640909e-01 -1.733395233955652703e-01 1.405125410454551860e-01 6.938218373453809706e-02 5.238363045541498675e-01 -1.247007334922538568e+00 1.680026114612708232e+00 -2.314437090794949636e-01 -1.000645914809797254e+00 9.382233539907163244e-01 -9.628839244433770039e-01 -8.206069565262804794e-17 -4.550013003902458024e-16 8.561828105631393300e-16 -1.084621913706815892e-15
8.290000000000000000e+02 1.054473485684040757e+00 -6.605173907727508731e-02 4.047939018698271663e-01 -3.474702465475755231e-01 5.954789246662908764e-02 5.283811019262044661e-01 -1.645961681102686480e+00 1.714450706771549982e+00 -2.449139000231224106e-01 -1.117738434400310732e+00 1.433879616199430052e+00 -1.314728849294203084e+00 1.259806102483188354e-16 5.433517204632058408e-16 -8.693867356849374628e-16 7.963943712500963509e-16
8.280000000000000000e+02 1.081347573074134649e+00 7.911015032208991438e-02 4.810714729951032220e-02 -1.072658448072789511e-01 1.592907112836954714e-02 3.134200894177943675e-01 -1.399548132590111571e+00 1.138561519780318054e+00 -2.263504870050788154e-01 -9.982059579174932251e-01 1.024635503569909734e+00 -7.816606638433856169e-01 -2.069809934283349464e-16 -1.043717559446466531e-15 1.108273582019363525e-15 -1.301170617525096118e-15
8.270000000000000000e+02 1.163355634315770493e+00 4.555493251500836172e-01 -2.589780343305806420e-01 1.325075312793740356e-01 8.697996023653359332e-02 7.370029754752522866e-01 -2.542420228537586091e+00 1.448609790914667350e+00 -1.853765759467498331e-01 -7.762467942132168508e-01 9.301094149677145984e-01 -4.783296156191939041e-01 -5.757720148800244307e-17 -3.638440877540483802e-16 4.785550135610645991e-16 -4.876096998142620136e-16
8.260000000000000000e+02 1.146952446539543091e+00 4.263713358088062622e-01 -7.049026634241746248e-01 2.222875026350053518e-01 -3.379724142619287114e-04 2.937275366080059347e-01 -1.785993999769730944e+00 6.659018480916092386e-01 -1.856106346366388771e-01 -8.299748527736813264e-01 1.100106474271566492e+00 -2.261361970482454742e-01 2.127867576333193119e-16 1.292708475279461011e-15 -2.962261132896945668e-15 8.536263253348023301e-16
8.250000000000000000e+02 1.124869306744096908e+00 2.355533168547621903e-01 -1.472969695705423354e-01 -8.341858845478808404e-02 1.354106715999542354e-01 9.691311419837134178e-01 -2.770325766609420537e+00 5.853975218211839859e-01 -3.028171366637027462e-01 -1.346344595151416579e+00 1.597847504048943046e+00 -1.605493466868872510e-01 -9.170132542568990334e-17 -6.037711662347287715e-16 1.485923667816633803e-15 -2.092568939264127074e-16
8.240000000000000000e+02 1.087896943907860070e+00 -1.779709482093771306e-02 3.686357766795764768e-01 1.586906228662147145e-01 3.722240932627243759e-02 4.541666121606455775e-01 -1.834092153527658864e+00 2.346012900181515537e-01 -2.137389721431348921e-01 -8.774179510301375329e-01 7.004957496125174821e-01 2.158938755050541017e-02 -3.581212996906704340e-16 -1.898515189899436812e-15 3.315127372560835347e-15 -1.696726239707469224e-16
8.230000000000000000e+02 1.078068725746579082e+00 -1.637859098144372472e-01 8.026868352302884979e-01 -2.170010837563917938e-01 7.077423858886180974e-02 6.884200020830927302e-01 -2.439373708138612873e+00 2.409589048801756561e-01 -2.537506575378271623e-01 -1.211913634607932444e+00 1.817540610970660220e+00 -1.512659880930374567e-01 4.289535954475942958e-17 2.463714819532470415e-16 -5.036624916275647335e-16 -1.003394799183525654e-16
8.220000000000000000e+02 1.160901436554260036e+00 2.989600748719540846e-01 -3.265811332622958751e-01 1.736177216571049495e-02 3.236477678131811919e-02 4.653496867882739862e-01 -1.823786481997623499e+00 -6.582887244112581304e-02 -1.985810133042893166e-01 -9.299531204697281117e-01 1.134536050361592219e+00 1.844001614067597439e-01 4.764790925580703878e-17 3.397673391829255660e-16 -8.997948437785493584e-16 -1.828997841565119693e-16
8.210000000000000000e+02 1.110256761754492949e+00 -8.363956288994695010e-02 7.010623586512036987e-01 -1.979519089634376172e-01 7.972269488031472062e-02 6.908258451856964522e-01 -2.180598320315718652e+00 -2.840309562854881897e-01 -2.740028383715341631e-01 -1.285971542748253649e+00 1.666518406317649026e+00 3.380023405067446585e-01 4.421013660047172855e-17 2.461524517648733596e-16 -5.851957330810565057e-16 -1.132665840850761521e-16
8.200000000000000000e+02 1.207305639887448656e+00 3.729395140825250698e-01 -7.421848251334400848e-01 -7.724896593693509894e-01 6.972191539453481864e-03 3.373156022760747663e-01 -1.949720511145296875e+00 -8.584329446403553554e-01 -1.525891208287251388e-01 -6.879783436281844411e-01 8.742553392515791666e-01 5.721203128478802302e-01 7.432467322820730280e-17 5.674679826250097006e-16 -1.788077843096339057e-15 -1.339227422999451842e-15
8.190000000000000000e+02 1.423464961830769981e+00 5.891068710518606588e-01 -2.762845540327572569e-01 3.912096691883977795e-01 3.349019031120593626e-01 1.095375853522221998e+00 -1.174111999232255732e+00 1.516715291385984044e+00 -5.525151501057634640e-01 -1.983145619069891952e+00 8.536667673842635029e-01 -1.503062839824808261e+00 -2.076922114874165885e-16 -6.234011647135145325e-16 3.159527489633391829e-16 -6.750593880608391617e-16
8.180000000000000000e+02 1.078692002821403317e+00 -9.180995439764798594e-01 1.232448954693599275e+00 -8.252083490193780346e-02 4.233039094677402581e+00 4.970905238136729132e+00 -7.992914048389364368e+00 7.611446273196331713e-01 -3.922032972567332632e+00 -5.305694337977714170e+00 6.899772766316834449e+00 -6.658479063319923119e-01 2.934364689746487954e-14 3.544172644576174853e-14 -5.403162889582605939e-14 4.439472306672086056e-15
8.170000000000000000e+02 3.053116258372070124e+00 2.854461523222684427e+00 -2.930165269648016491e+00 -6.275495624202003242e-01 -3.341732869786854243e-01 -9.620280814549280191e-01 2.040124353682562230e-01 8.667983350110107510e-02 9.069785761796064216e-01 1.441728998171442289e+00 -1.963853183421459203e+00 -4.625161590752520091e-01 -4.115677699386106347e-15 -7.724535617062766238e-15 7.319954677468049260e-15 1.447535140375972623e-15
8.160000000000000000e+02 1.654490237782060280e+00 1.305755275065789922e+00 -9.416848017596993747e-01 -3.980914709221510250e-01 7.735442833479790892e-01 2.009130677389673547e+00 -2.315467471359264007e+00 -1.159999887228245763e+00 -5.448183780523433439e-01 -1.561175007547049631e+00 8.454726451810471444e-01 2.297681270145022214e-01 3.454540263960347073e-16 1.011552517250250167e-15 -5.474359181202415145e-16 -1.548977918758432092e-16
8.150000000000000000e+02 1.199136675352240999e+00 1.887480422872695462e-01 -2.217914515048695356e-01 6.563665110839494998e-01 -6.740990107994669633e-02 -2.139748161958920369e-01 -3.538820256988347013e-01 3.992807475855644217e-01 4.893458173776744913e-02 6.918389662582336008e-02 -1.498337969479997811e-01 -3.184920525918284007e+00 -1.701499183511282888e-16 -5.720567207510333186e-16 6.566233884003267439e-16 -8.622139432279410650e-16
8.140000000000000000e+02 1.402878427849509890e+00 9.313149425654627667e-01 2.751784597589419512e-01 -2.862066805515003587e+00 2.032732353631035160e-01 6.936371250427940671e-01 -1.193748879766377002e-01 -2.841760838017291846e+00 -3.951532171781736436e-01 -1.313443354715673195e+00 1.172873611530157734e-01 1.438698150108348006e+00 9.589312116516331105e-16 3.252914726607111785e-15 1.485327111362715154e-15 -1.242868324608175870e-14
8.130000000000000000e+02 1.206317667065056165e+00 3.144170994503522332e-01 2.260122604816706682e-01 -8.308177962253086024e-01 4.468354713668433176e-01 1.655560299810688640e+00 -9.359313147345847961e-01 -2.920247433400678272e+00 -4.103312349398097747e-01 -1.417310416926757632e+00 5.710283861634694036e-01 1.038055346619391583e+00 6.860816243170286840e-16 2.521804463545852522e-15 -4.511091211318857383e-16 -3.071794774954661889e-15
8.120000000000000000e+02 1.178134485809942067e+00 2.189672053759230408e-01 -2.257655831385748102e-01 2.941697806303905649e-01 9.056984422687741620e-02 4.008773874601852527e-01 -3.942067497708085511e-01 -1.114906288938958046e+00 -2.264603365049390193e-01 -7.859570665605192241e-01 5.612303925987089520e-02 4.107608602702069178e-01 5.651493159586847589e-17 1.547460604817213822e-16 1.152043739494259496e-15 -2.325174036646892228e-15
8.110000000000000000e+02 1.228241685137451134e+00 4.337588257790302992e-01 -6.480340471593841467e-02 -2.940762439148287277e-01 2.713056757031410138e-01 1.103901109715253348e+00 -7.048064355057567232e-01 -1.829642855675007729e+00 -4.306349530524477554e-01 -1.557528661321431196e+00 3.908161346350725318e-01 1.325114367930627868e+00 9.726687617399371646e-17 1.937418327905863157e-16 -2.025934038517545992e-15 1.132878111939554879e-15
8.100000000000000000e+02 1.241890430698553649e+00 5.197475575249459467e-01 4.342317899807107140e-01 -7.365239506836168681e-01 1.630893671573759030e-01 7.055911569970899633e-01 -5.291907183886165322e-01 -1.394618148253434331e+00 -2.988954318746853689e-01 -1.056770695872901067e+00 2.019590179624484172e-01 7.941374824754847683e-01 -4.400257742002198247e-17 -1.509020851735578458e-16 -1.392553895934367292e-16 3.588381382352192209e-16
8.090000000000000000e+02 1.237801913947413235e+00 5.150624055103968368e-01 2.773250249799366074e-01 -5.042639900879559711e-01 2.148683531722773432e-01 9.523624046251346620e-01 -4.975274016844046243e-01 -1.449448337285430766e+00 -3.587580013388778633e-01 -1.327702610798403127e+00 4.615671331710454739e-01 6.405671384289717274e-01 -9.470233420649045008e-17 -3.183059719269341398e-16 3.455064746099542446e-16 2.443675196664855026e-16
8.080000000000000000e+02 1.174789900501221229e+00 2.783180061636351676e-01 -3.224680547802071806e-01 -2.004443632620681592e-01 2.248098344922957736e-01 1.033790461125501770e+00 6.521382693727811874e-01 -1.965164066415204580e+00 -2.840117813519860146e-01 -1.044408043588367141e+00 -2.789987257693317124e-01 7.416784035962079580e-01 4.766234872737491756e-16 1.917123593851939982e-15 1.225619594238063370e-15 -2.824191202309138285e-15
8.070000000000000000e+02 1.217541823908105503e+00 4.687465168020302220e-01 -2.070341192508465267e-01 -3.167732604760201687e-01 3.085289043105666762e-01 1.493127622195102644e+00 1.141433330362714216e+00 -2.365282322177642449e+00 -2.671405337085692722e-01 -1.030431077448730193e+00 -1.986807496162291131e-01 6.647468568912214826e-01 6.122117041771252182e-17 2.696286076542785719e-16 5.536159687311066305e-17 -2.841290428468928257e-16
8.060000000000000000e+02 1.206513612354380260e+00 4.340596697567367657e-01 9.661286748571487615e-02 -3.723032926699735290e-01 1.615892838863457470e-01 8.420551455962227427e-01 8.399433589328146876e-01 -1.385143387587827624e+00 -3.018822089742129733e-01 -1.166335390149885853e+00 -2.610062969352153206e-01 5.679395332532661822e-01 7.430989357861251157e-17 3.395427654368817069e-16 9.750858976407416438e-16 -3.561525124322771001e-16
8.050000000000000000e+02 1.202235523091744973e+00 3.614183156875037661e-01 -3.697707286903185175e-01 -3.526478402554849428e-02 1.725650469261516273e-01 9.557066700468147546e-01 1.018462434845422759e+00 -1.603203406608744830e+00 -3.175004305401611937e-01 -1.303255319766243536e+00 -4.430742020266006387e-01 9.193031890565293018e-01 4.034425455115806748e-17 1.958519738419315395e-16 1.506320499946383786e-16 -1.559783213664089782e-16
8.040000000000000000e+02 1.193425395289044344e+00 3.854175567835222971e-01 2.555947068600067373e-02 -1.973652000299994935e-01 4.015814533792690932e-01 1.999483793370903761e+00 2.454696030144366770e+00 -2.139075470914589161e+00 -3.949100743009215098e-01 -1.658330470560055447e+00 -9.040412727184581332e-01 1.048147776284659827e+00 2.484349767573057477e-09 1.559221948777000932e-08 -1.284714448712698243e-08 -2.904350115962017753e-08
8.030000000000000000e+02 1.139440170779432160e+00 1.970085554809444250e-01 -1.600030587924620440e-01 -4.271081187992084027e-01 1.251165741727967018e-01 6.947389976019866520e-01 6.772628787063721401e-01 -1.069871336518380067e+00 -2.541337730924609906e-01 -9.854248762900476022e-01 3.189982983260568616e-01 5.861230583595709032e-01 -8.555143191091296728e-09 -4.003290532406111879e-08 -7.226781667535320253e-08 3.408554671846530937e-08
8.020000000000000000e+02 1.194917333910310742e+00 3.704352167563261244e-01 8.227313625461516455e-01 2.419619363149608238e-01 1.283923393650245603e-01 7.866230154524012086e-01 -1.616395902961352826e-01 -1.708527505031653515e+00 -3.160198700673043648e-01 -1.355130896749275671e+00 1.451383965278803201e+00 1.791048288709990333e+00 -1.871703257790705330e-16 -9.352489074643286578e-16 1.571730150163968659e-15 2.010900047428006965e-15
8.010000000000000000e+02 1.140991966114392353e+00 1.683941209071042888e-01 4.299226628079056978e-01 4.219708015478235708e-01 8.099187529199479429e-02 5.436908223711773847e-01 -3.706201139412014234e-01 -1.649796974776515324e+00 -1.520818938691987365e-01 -5.858973213982117123e-01 2.621893103206575759e+00 1.952605710153321850e+00 -2.412585485129054535e-16 -9.498231904468995019e-16 -6.642582009341034102e-15 -3.531050559711565982e-15
8.000000000000000000e+02 1.152858145589694461e+00 2.091802145172633742e-01 -9.197621509496420322e-03 -1.100494153422588162e-01 1.361577145815406342e-01 7.833046535233565422e-01 -6.644409975258936951e-01 -2.266603779922742756e+00 -2.844875162106471622e-01 -1.190389231984581908e+00 3.368975460335944749e+00 3.719063649325485166e+00 1.016026193734198557e-09 4.679528167739199773e-09 4.918545958021436348e-08 4.462616098876992510e-08
7.990000000000000000e+02 1.262066638822136211e+00 7.310318891627286542e-01 -1.031347209530275810e+00 -1.966014059015771531e+00 9.435457926319830435e-02 3.881091701209919975e-01 5.924862715850701456e+00 4.945817192051206845e+00 -2.625226697350191984e-01 -9.912112211926444871e-01 -5.384561737307129725e-01 1.480789482118016476e-01 -2.752641918559393403e-17 -2.149915019871537300e-16 3.800110165125310658e-15 3.317939598046335979e-15
7.980000000000000000e+02 1.258235843905507467e+00 6.076814173120759222e-01 -1.542422883548680623e+00 -2.488041955654540782e+00 2.723176744902120958e-02 -1.253167301199461958e+00 1.221660417767775719e+01 1.494460653022988517e+01 -2.567367342199489699e-01 -3.434851534401693329e-01 -4.495764886357353163e+00 -5.578348297761665187e+00 -4.762646811394420488e-17 2.338721759537963326e-16 -2.339647937126226700e-15 -3.785464886057945001e-15
7.970000000000000000e+02 2.274748616667996437e+00 1.451158360996987806e+00 5.117983394676641762e-01 -1.389707859697553838e+00 3.342944609287123559e+00 4.597702080565023941e+00 5.246896362110832435e+00 1.838465972384642599e+00 -1.782525998461144789e+00 -2.959296789864153787e+00 -2.451596299957521818e+00 -1.916177305991668467e+00 -4.412078089042953996e-15 -5.989683908238678723e-15 -6.805082398374517487e-15 -2.743155226891532512e-15
7.960000000000000000e+02 2.549415978168101393e-02 -2.869061611042478255e+00 -2.892886317558070797e+00 -1.059222363180469362e+00 1.219102164840798030e+00 2.297436864283162627e+00 2.709430622346304940e+00 1.196474083831418511e+00 -2.465486215654229429e+00 -5.464552590289104117e+00 -4.488705238097291605e+00 -2.364461994896694286e+00 -2.777635890738316959e-08 -5.258013267839256599e-08 -5.966997555784114837e-08 -1.407217964377593944e-08
7.950000000000000000e+02 1.330728885772622494e+00 3.133531004017278132e-01 5.010131164467953591e-01 1.084740523904076936e-01 4.693001341606493626e-01 1.466737925296284661e+00 1.843246539818257146e+00 2.089192702440216376e+00 -1.308118915203010935e-01 -5.211539652964585212e-01 -5.197359969378608641e-02 8.783652757093076691e-01 -8.287071412862697853e-17 -1.380764553884792018e-16 -4.295579824455557697e-16 -7.381894782299187625e-16
7.940000000000000000e+02 1.334134057953524799e+00 5.564735794182257278e-01 2.672300577499883145e-01 1.643641166690266608e+00 1.080506266248505431e+00 3.622143481181794300e+00 3.777943782452091170e+00 1.075873212323702077e+01 -3.293819786437730546e-01 -1.229182284073686127e+00 -9.180461525296861325e-01 -3.766608451960467008e-01 4.892596265241041721e-16 1.603949210562907186e-15 1.273450121605269812e-15 6.016812649694837402e-15
7.930000000000000000e+02 1.196400646465672235e+00 2.368078311722942031e-01 5.057753871052667050e-01 -1.073566322188482358e+00 2.935606034521164864e-01 1.136529972442385850e+00 1.031899700494513183e+00 3.371320308008525668e+00 5.218221939442362761e-02 1.322745929556668268e-02 -4.835779392650507158e-01 4.830470385783623755e+00 -3.542643668050064076e-17 -9.755172739845492728e-17 8.191402350192774842e-17 -3.966734568981795570e-16
7.920000000000000000e+02 1.191725814609342793e+00 2.077691868621455162e-01 1.901915365951345194e-01 2.108795591863528995e-01 6.293975377650948833e-01 2.452536752742517479e+00 9.008189566581858987e-01 8.807736134810880912e+00 -3.855839565149286607e-01 -1.689745913841667724e+00 -1.505518917518087196e+00 9.361307590446671378e-02 -1.277453980172491886e-17 2.452793870301517092e-16 1.121754340917535698e-15 -3.223117780081904082e-15
7.910000000000000000e+02 1.073587323030658292e+00 -2.888631399134672373e-01 -2.358011392411152596e-01 -8.031333855184068227e-02 4.859220459507126999e-01 2.101566362512991226e+00 1.353153547372721199e+00 3.745070099532144869e+00 -3.382191780914304280e-01 -1.521669498623192451e+00 -1.870292262250287774e+00 1.920932546142850361e+00 1.798667932903570664e-16 7.083282779690891647e-16 -8.364427761765735494e-17 1.882981679327228038e-15
7.900000000000000000e+02 1.163409703772818826e+00 1.654960533863763794e-01 4.034039624289599280e-01 -6.185758144256734425e-01 2.692471243738480680e-01 1.398633727479062339e+00 2.264253608244084059e+00 2.858787079989915658e-01 -3.178071983442365411e-01 -1.475630935079735417e+00 -1.958307357399883486e+00 1.544263852261567038e+00 1.000382824676139645e-16 4.691159811449668705e-16 3.101225814827184311e-16 6.157310266044981766e-16
7.890000000000000000e+02 1.134310713254258918e+00 -9.596934896271711035e-03 -3.890055808144795568e-01 2.991845185298874776e-02 2.419552374250212579e-01 1.386013345891892623e+00 3.041920934423559597e+00 -3.583165823485975343e-01 -3.311977348186933012e-01 -1.583598530142799721e+00 -2.323161499921043482e+00 1.132082231523825699e+00 9.517839294481689194e-11 4.084649826707753562e-09 1.982747799278428147e-08 -3.198070586130086213e-08
7.880000000000000000e+02 1.115404543271464544e+00 -4.411168813561860275e-02 -1.711869518759648323e-01 -6.375325790535134318e-02 2.147517507784727775e-01 1.336438541172405570e+00 3.481074316763030474e+00 -7.792612430367014120e-01 -3.018690151398790156e-01 -1.502512135544393335e+00 -2.697701726200467220e+00 1.505129561157562801e+00 2.685941223970287429e-16 1.393082673622483652e-15 1.508107890839142457e-15 -2.979469163085788415e-16
7.870000000000000000e+02 1.152986464501018604e+00 1.141488461780603841e-01 -4.011611979409212547e-01 5.250997018170050490e-01 1.471093435101419600e-01 1.009466994799916861e+00 3.018856992900321057e+00 -3.971822908290598142e-02 -2.852399181090027880e-01 -1.425721118271822574e+00 -2.529639677290968169e+00 6.416151779394658750e-01 8.137446434170737166e-17 4.166720553297250727e-16 -3.336007168153294828e-16 4.350371606486580207e-16
7.860000000000000000e+02 1.097727174932191962e+00 -5.345323021673741709e-02 5.711391123600171316e-01 -3.364691328061368836e-01 3.723589142078118086e-02 4.388185721690841534e-01 2.102233532674370853e+00 1.469588930647790781e-01 -2.288572685279237073e-01 -1.153033154055337128e+00 -2.030777881259168360e+00 4.382648744138221142e-01 -5.573732495140151686e-17 -2.974923400301309377e-16 -2.426080965774178621e-16 4.662358027721450073e-17
7.850000000000000000e+02 1.116937054863411438e+00 7.210971054991251183e-02 5.585211520617323622e-01 -1.892252318414684997e-01 7.532241530664510187e-02 6.914027316938460288e-01 2.533292844253724141e+00 4.842587841949028138e-01 -2.009546082726168525e-01 -1.044820575385826178e+00 -2.134826569922134709e+00 2.871192906835244307e-01 6.533719312503313730e-17 2.794535475366828084e-16 -4.234774439371274675e-16 3.484023528708023643e-16
7.840000000000000000e+02 1.098027523081190671e+00 -2.382480761132198255e-02 5.907930441033862889e-01 -1.636070253665505569e-01 7.834903573609149074e-02 6.480613885661906659e-01 1.745168627101168823e+00 8.738038065886937211e-01 -2.565542141646714458e-01 -1.230107554616581167e+00 -1.163716710361875295e+00 -2.732880460469938044e-01 -4.343172378577977534e-16 -2.209223220041218224e-15 -1.143702379059742086e-15 -1.576297599969747612e-15
7.830000000000000000e+02 1.154079207339073099e+00 2.514738286716848847e-01 4.405329213398047616e-01 2.978771604851587762e-01 9.128714206916030416e-02 8.252762974367696680e-01 2.231966549848816594e+00 1.139370356179097765e+00 -2.255238429606577499e-01 -1.190208661001922685e+00 -1.752988421439484856e+00 -2.654595598775799647e-01 1.158179782235380413e-16 6.234516392744925183e-16 8.140687542877679192e-16 4.386377713555974840e-16
7.820000000000000000e+02 1.130375645277916341e+00 1.558187989859737277e-01 7.016915382736023110e-01 3.406761605944288451e-01 7.487906715817760350e-02 7.131477410913945603e-01 1.638478835957623225e+00 1.493359265964456339e+00 -2.634644723356657225e-01 -1.383068036311924986e+00 -1.416214171888742879e+00 -8.411640295942428569e-01 -3.487314466775065863e-17 -3.660345678952072043e-17 -1.640837053701384862e-16 2.243731150406456308e-16
7.810000000000000000e+02 1.092092082634049666e+00 -7.122027306550333947e-02 4.131886781161196454e-01 -2.905230495047451122e-01 1.420717333101891300e-01 1.149624122286228234e+00 2.214863704793602839e+00 2.345390561761002246e+00 -2.875405852593719835e-01 -1.669629068538649008e+00 -2.477602515486523771e+00 -1.584308382040786611e+00 2.722002745419880638e-16 1.864500920923770375e-15 3.793253790759311720e-15 2.337173224491704854e-15
7.800000000000000000e+02 1.149700984131003079e+00 1.730735374096345758e-01 -4.386030733041287877e-01 -1.065620744938154535e-01 1.317844782092023881e-01 1.049855035432195161e+00 1.531929093019110732e+00 2.615960793423767416e+00 -2.115046804306101591e-01 -1.175816229304279759e+00 -1.451876944282239679e+00 -1.379905270903255099e+00 1.156596817036895341e-16 7.659797788876626521e-16 8.843115488597868407e-16 1.254763287695806814e-15
7.790000000000000000e+02 1.158624611100287360e+00 3.019727435689654738e-01 1.309369215589501478e-01 4.860236539280419210e-01 2.897471133730755155e-01 1.955142424081565133e+00 2.489153106791921921e+00 3.788215440634707054e+00 -3.269287063030844598e-01 -1.815321806014275063e+00 -2.224500399590549904e+00 -2.114755304353800103e+00 -1.733718162019340772e-17 -1.319589778890264253e-16 -2.090804984879663868e-16 -1.237872678554454247e-16
7.780000000000000000e+02 1.151947455283530930e+00 2.838125227724637711e-01 2.008484448640965869e-01 7.191674872914032290e-01 6.247097722987309670e-02 5.671607804494870342e-01 3.918636631925506708e-01 2.110082970495114285e+00 -1.586143389854743346e-01 -7.709502472932064920e-01 -4.792444452740988736e-01 -8.967286467109156778e-01 1.083786488895290278e-16 5.657387661039609653e-16 -2.929847094447099817e-16 5.320046408678897002e-16
7.770000000000000000e+02 1.167971415497491838e+00 3.879864002655376565e-01 -2.566721718595311730e-01 -5.092912812563360481e-02 3.053514913539841225e-02 4.015685266165501810e-01 -8.964450173771151831e-02 1.741777731470569801e+00 -2.036380365608190524e-01 -1.023568778367584198e+00 3.872862310327174207e-01 -5.443213710383137949e-01 1.377233896371343747e-09 9.188272434568212077e-09 1.017506755240926708e-08 1.606676669485551656e-08
7.760000000000000000e+02 1.153309803849788429e+00 3.731141707797481222e-01 2.341273462661493387e-01 4.914396525072139976e-01 1.738312924040661678e-01 1.304368343015253062e+00 9.435123160864079817e-02 3.523989804626317834e+00 -3.214782096308919090e-01 -1.808191021400934018e+00 -4.237507912464082982e-01 -2.660726253796786178e+00 -6.729815049854319746e-16 -4.006431806993717722e-15 5.300640896265010170e-16 -4.970859556887968734e-15
7.750000000000000000e+02 1.113058385854232224e+00 9.266037000771740195e-02 1.553973392207923243e-01 8.835768830721681122e-02 1.175099524945260876e-01 1.003523622016459393e+00 -5.542448836045664740e-01 3.314769073509133968e+00 -2.715514492048555772e-01 -1.553976799816212617e+00 2.636300494862441335e-01 -2.568327763746562464e+00 -2.862811850278161952e-17 -2.738265050088224158e-16 -1.479894242452616378e-16 -1.030049245202613778e-15
7.740000000000000000e+02 1.112412653657751660e+00 1.707097112905685277e-01 -4.395577934659023606e-02 6.902079538628926869e-01 -1.184983414160569945e-02 1.759537061367532629e-01 -4.286744218196946732e-01 1.779827797843363868e+00 -1.605988457119561508e-01 -8.442763860639767026e-01 -1.162122226896545735e-01 -1.065514702123396829e+00 1.848775552425924827e-18 7.180659606366267137e-17 -1.669972389739809377e-16 -2.008752531047864145e-17
7.730000000000000000e+02 1.143091468460698090e+00 3.908693607640092993e-01 -2.289506603194784162e-01 9.450650663678750174e-01 1.553792429019465182e-01 1.166949386268977040e+00 -1.303072126273027154e+00 2.658793417433317874e+00 -2.559358976864517521e-01 -1.375569819736420785e+00 5.098553320692146285e-01 -1.299851414447923181e+00 1.178869366405212406e-16 7.265794912710215240e-16 -4.394567072521900425e-17 1.074785363103743555e-15
7.720000000000000000e+02 1.119846424107266758e+00 2.274083885223959489e-01 -1.417659692353531731e-01 8.772555334097188462e-01 2.157887386309071120e-01 1.615606932578190769e+00 -1.643288623648940572e+00 2.996832355143009163e+00 -2.155784456712289132e-01 -1.200423053971762855e+00 3.043949646430048617e-01 -1.130883985953621496e+00 -6.535413481795398900e-17 -4.341263934352065096e-16 6.154640573705191372e-16 -1.976437694714520553e-16
7.710000000000000000e+02 1.077167136972246642e+00 -1.860660693751052530e-01 1.890331586758703664e-01 -7.314656477900186582e-01 1.387766663696029523e-01 1.180633911337853226e+00 -2.113551744056079151e+00 2.970895686287096105e+00 -2.095252882704918829e-01 -1.235690004597677083e+00 9.036419410404797903e-01 -1.725816274891060154e+00 -3.902279898781403168e-17 -2.518994731182718124e-16 3.056318998280486866e-16 -6.391337991658607471e-16
7.700000000000000000e+02 1.085260837657567201e+00 -7.870848687129396171e-02 1.770939842095169969e-01 -7.155195121647144052e-02 8.447175336799489509e-02 7.572030700272192050e-01 -1.716050853008784571e+00 1.945723983190370543e+00 -1.862269072852847651e-01 -1.019721402963390533e+00 5.976947881515469740e-01 -1.054713347176589489e+00 -1.334192409249029713e-16 -8.708002892945372890e-16 8.560505344570247503e-16 -1.273659394991523278e-15
7.690000000000000000e+02 1.097091902999652424e+00 -2.086603443780811473e-02 -2.343421366574369169e-01 3.826007595340950862e-02 2.267333980877338229e-01 1.848982160611145842e+00 -3.395537036762186656e+00 3.568278861075058650e+00 -2.491038430584572583e-01 -1.575310928731636917e+00 1.536367687353679123e+00 -2.085464737755460707e+00 5.564119498369427930e-17 3.870571034285300610e-16 -5.537508736689066921e-16 5.764764873846082795e-16
7.680000000000000000e+02 1.121662578986020842e+00 2.093521668101097910e-01 -7.159350469041019238e-01 6.146570868163812040e-01 1.030631593239595967e-01 9.425669554521317606e-01 -2.603388094747676629e+00 1.633449740501913050e+00 -1.896550884587938357e-01 -1.115880996177850193e+00 1.134588847861558003e+00 -7.573683617683919511e-01 -3.606303777505359479e-17 -2.229274762995050809e-16 3.630231440833140024e-16 -7.093777054686229398e-16
7.670000000000000000e+02 1.139697959394307070e+00 3.045096549487983362e-01 -7.685516370475100612e-01 4.506687247251217054e-01 9.368808134409742361e-02 8.994994906551907476e-01 -2.740170700310297747e+00 1.545979883550545386e+00 -2.002604657353395379e-01 -1.196630532913577127e+00 1.149225939860313517e+00 -8.084892475839701165e-01 -2.647380921205093767e-17 5.525149923697743163e-17 -7.800454458823675031e-17 4.580584308940662344e-16
7.660000000000000000e+02 1.096786640060748441e+00 -4.523856496598441940e-02 -1.194204877550015809e-01 2.107147436554537290e-01 9.938699603617273670e-02 1.147414889566616525e+00 -4.106982349494634477e+00 1.921760560506417859e+00 -1.926460174123010571e-01 -1.326798143852469858e+00 2.019574856666819240e+00 -1.009292365558775550e+00 -2.471927732466338448e-16 -2.163787777180456516e-15 4.982041781455154588e-15 -2.026054396605394907e-15
7.650000000000000000e+02 1.124616601041566577e+00 1.931286654159864724e-01 -3.601029676453953443e-01 2.886857192373715741e-01 6.340097705935056338e-02 9.509565430515234397e-01 -4.807377640534086005e+00 1.788712150346678742e+00 -1.829999776697205649e-01 -1.315185281392429406e+00 2.832929095795162944e+00 -1.138642942086478538e+00 1.040681987750951069e-16 9.956929817114097423e-16 -3.361004208922622701e-15 1.368119404156024481e-15
7.640000000000000000e+02 1.064265720645919844e+00 -3.169160926198428263e-01 1.024750452685871061e+00 -2.466826008713688123e-01 6.384809836078536582e-02 1.316040423543964666e+00 -8.390648134542454173e+00 2.604512050625308550e+00 -1.600845994038833930e-01 -1.407168656787886496e+00 5.109435206354504544e+00 -1.827956089379189741e+00 -5.084463201976614066e-17 -5.437450953024921712e-16 2.390032880529467841e-15 -8.185905950089319237e-16
7.630000000000000000e+02 1.112455602963945411e+00 2.970652488613376163e-01 -1.707437454647594555e+00 5.533659307906543257e-01 -5.092319550120348592e-02 3.590117794774184135e-01 -6.407654566337269486e+00 1.333736945478195546e+00 -1.109537532871728155e-01 -9.225468099821898527e-01 3.381697535045155245e+00 -8.172680991974277109e-01 1.576495446683019270e-17 -6.372307444352293988e-17 1.233750087722877231e-15 -3.346961289394763059e-16
7.620000000000000000e+02 1.065867520542642666e+00 8.530575009783146825e-03 -2.464525536763293001e+00 5.170009555697742121e-01 -9.055104509591843653e-02 1.011582756169986608e+00 -1.601369583254970053e+01 2.163779100131154820e+00 -1.006219098245395849e-01 -1.520204732138635828e+00 1.054964826206292905e+01 -1.467686386594307058e+00 -1.642214532760051043e-17 -3.462964420211097366e-17 -6.992476612580494379e-16 9.275699483012600364e-17
7.610000000000000000e+02 1.139213017487313406e+00 1.185783213376320339e-01 1.510280580616398138e+00 -4.442304674955657728e-02 -3.413226906515117176e-01 -2.422844681454022209e-01 -2.121189064950829817e+01 1.702617880288162633e+00 2.022480474198979847e-02 -6.669366055402865534e-01 1.022048331270816490e+01 -1.061360872656069265e+00 -4.117883801660313847e-17 -1.055207506782050687e-16 -3.826820541788697168e-16 3.295855043670195065e-16
7.600000000000000000e+02 1.153187183562702778e+00 2.150756074689880171e-01 8.565177072389994484e-01 -1.224953043646390682e-01 -3.777995525810823318e-01 -8.607754486931509241e-01 -1.825304278132432501e+01 -2.368872792008610006e-01 4.163518572433055898e-02 -3.920701132069413508e-01 9.899163994394113431e+00 1.047788843401671333e-01 -1.897289095646215799e-17 -5.503022511439704652e-18 -1.893653908996466772e-15 -2.250751312324005033e-16
7.590000000000000000e+02 1.127917698343944286e+00 1.289154007077236708e-01 -1.597168212163112555e-01 -9.447507106671318433e-02 -1.683231631114084637e-01 -3.525246255181994637e-01 -8.942298454141340613e+00 -1.494398426888352560e+00 4.583796410340231636e-02 -2.547857131759749816e-01 9.379191551927835491e+00 1.062676676497610107e+00 5.288312484660598991e-16 2.241236955336256561e-15 1.628137589276683916e-14 6.553456470339343548e-16
7.580000000000000000e+02 1.132343218002040963e+00 6.165932493207763876e-02 1.270049630740875513e+00 6.541689935664731781e-01 -7.133850120192461453e-02 1.061436982806815005e-01 -7.902366462255867141e+00 -2.816750085155856898e+00 2.355899843967736249e-03 -4.376358977276436080e-01 9.747332045978083670e+00 2.610088907492242427e+00 -5.947652012815022484e-17 -2.984586118898653696e-16 -9.677066210505173090e-16 -9.800611425254255644e-17
7.570000000000000000e+02 1.129618163450863078e+00 9.367081840481350508e-02 1.659557795706446126e-01 1.274563584123616644e-01 -1.942546375424794927e-02 4.482457944564232633e-01 -9.938180883091645157e+00 -5.149008546653474738e+00 -1.337882936778986287e-01 -1.148520543260082460e+00 8.834183666865435214e+00 4.079479803777531721e+00 4.216677042785788389e-17 4.780203074694980709e-16 -4.637131434405971384e-15 -2.304767219619968118e-15
7.560000000000000000e+02 1.117946060068870651e+00 6.014202857159885347e-03 -1.960177168577934004e-01 -1.745293788857012196e-01 1.253393821535561947e-01 1.237376993852977725e+00 -6.828938884994725456e+00 -5.518938729429126333e+00 -2.167932476219712468e-01 -1.492726288605433327e+00 4.293328859857012958e+00 3.047924976197196045e+00 -3.844219347123754857e-17 -2.985083237903185814e-16 7.840044232839136744e-16 6.174815657737869976e-16
7.550000000000000000e+02 1.104338759402977432e+00 -5.292929333538161363e-02 -7.699826515873551269e-01 -4.544963881257680360e-01 8.967822473413723794e-02 8.462825792387382862e-01 -4.137428775400727510e+00 -4.923901330393873010e+00 -1.903664046203427385e-01 -1.195983526172091027e+00 2.218615206895615088e+00 2.522381043493145736e+00 3.016985629575401278e-17 1.592681493570691526e-16 -7.791233909622770934e-16 -3.696453502353440790e-16
7.540000000000000000e+02 1.117617898481361172e+00 5.270767855781294947e-02 -2.336571964992401607e-01 -2.030847121435110925e-01 1.278195801182105962e-01 1.121091527588806924e+00 -3.865767634801055674e+00 -6.116703217264181980e+00 -1.906397021339081288e-01 -1.246254938237685739e+00 2.278125109648045932e+00 3.186417551560353001e+00 3.152087033110701847e-17 2.094148391012960327e-16 -5.813816700714089587e-16 -4.887774075239459712e-16
7.530000000000000000e+02 1.116289896440640916e+00 7.646440101725014704e-02 -9.022627453073139847e-01 -8.953729936142841295e-01 5.547691229286702552e-02 5.460590285808903932e-01 -2.418371296790897240e+00 -4.882708217647008020e+00 -1.349105851417993218e-01 -8.171156777716295228e-01 1.085196030956682822e+00 1.718425908917323053e+00 2.477227557943982227e-17 1.699418186307664592e-16 -2.515985175144648067e-16 -4.210700836568021400e-16
7.520000000000000000e+02 1.076128658337277111e+00 -2.795311300927573184e-01 -1.426083123621144921e-01 8.414727797290313949e-02 6.513243779847224801e-02 5.998494768877202787e-01 -2.096701941960642745e+00 -5.668131877223659743e+00 -1.402932794766933444e-01 -8.610424663063342976e-01 8.743823943100571539e-01 1.887756022716863269e+00 1.500639737828002362e-17 1.052894072860280756e-16 2.867360944532558047e-16 7.182209411961946489e-17
7.510000000000000000e+02 1.096463540471695142e+00 -1.107587003746424020e-01 -1.779248963228811375e-01 -3.559462288547122766e-01 5.311768366055536622e-02 5.109284979768941026e-01 -1.915987933358372031e+00 -7.031215361718497370e+00 -1.190969280467661789e-01 -7.184311402411674985e-01 6.684059129153122614e-01 1.906482173217550091e+00 4.684583026612254528e-18 5.058450403474200929e-17 9.355162919429751988e-18 -2.375069250250013187e-16
7.500000000000000000e+02 1.088070549332275982e+00 -2.053215222038826671e-01 4.932484421662237245e-02 8.195451040593414171e-02 3.183490103043579503e-03 9.961326355229305207e-02 -1.791313845969525476e+00 -9.882659885693666268e+00 -1.285272816780385630e-01 -7.960461909325838858e-01 1.075541255209456093e+00 4.542536774104309671e+00 -3.254407434406648440e-17 -2.079435875396683909e-16 5.422065294369761891e-16 2.515528558211628995e-15
7.490000000000000000e+02 1.142464177605815756e+00 2.198462821537867373e-01 2.650126783142534026e-01 1.586455393124569291e+00 -1.491072409371027030e-01 -1.211355859203985030e+00 -2.729888289943892765e+00 -1.993701073864335882e+01 -2.892243993726876378e-02 -3.371083344275650068e-02 1.699378030040605614e+00 1.060024198123508654e+01 -9.178585294453516585e-18 -7.792568568643052541e-17 -3.147173216312667339e-16 -2.532234450063982652e-15
7.480000000000000000e+02 1.152831041447534455e+00 2.740997835494465851e-01 5.159421070341747573e-01 1.905864843266364517e+00 -2.482451475306982347e-01 -1.884279395029809123e+00 -1.356709172958860732e+00 -8.754997607189702435e+00 -1.613798122307580005e-02 5.424373779715003369e-02 6.991101269240930227e-01 5.479665818964827295e+00 9.181288210502610173e-17 6.887824633156041504e-16 6.617391100597180950e-16 2.509773229069748366e-15
7.470000000000000000e+02 1.144822622232454012e+00 2.793106068848682511e-01 1.375120296931895691e-01 1.060361542585842809e+00 6.156422595082951948e-02 5.717379013502270624e-01 4.986531387791675041e-01 3.286589699240236140e+00 -1.764030014757413112e-01 -1.205079415387625641e+00 -1.351699983275345407e-01 -2.392636520123474941e+00 1.174217263349135082e-16 8.637399706897319683e-16 3.595903590168796572e-16 3.759536527600027349e-15
7.460000000000000000e+02 1.133898605151379302e+00 5.628135004617491888e-02 1.070017490869609733e-01 1.508917257556206259e-01 2.213742958309996844e-01 1.800247564878430850e+00 4.803859939496842313e-01 6.279524179726427846e+00 -2.507990160872433649e-01 -1.792501109292669037e+00 -2.732093808028976736e-02 -3.562974378036341427e+00 -5.815238152694119087e-17 -4.975979338349806495e-16 -6.599508316021621547e-17 -1.273572646079143005e-15
7.450000000000000000e+02 1.153884505930308002e+00 1.096807538463152043e-01 1.395641245063569680e-03 4.746734465790252155e-01 6.645625078440567379e-02 5.593489894631594739e-01 2.487287914034758129e-01 2.780128064964242363e+00 -2.040050793109927374e-01 -1.401991291656301097e+00 7.953044692397848170e-02 -2.625127411798430455e+00 -2.722363723339782382e-10 -1.583999764687149536e-09 1.122314113866096363e-08 5.347285947365776337e-09
7.440000000000000000e+02 1.178017908964653859e+00 3.664982758597309376e-01 1.456326696420164740e-02 3.745338554426819733e-01 6.757050757584485978e-02 5.174247019506410528e-01 1.423038209210691629e-01 2.067027679149518793e+00 -1.867806670790342349e-01 -1.177889578125341341e+00 1.053255812488808618e-01 -1.149457608507825856e+00 -4.949856867330396191e-17 -3.619046559982212109e-16 3.120981427299431150e-16 -6.960274769118825531e-16
7.430000000000000000e+02 1.146739186299354785e+00 1.001480786241598642e-01 1.282945451860807717e-02 -5.982907393428202325e-03 1.725840775588303733e-01 1.222169386527852231e+00 -4.326442382701336520e-01 3.101272818159698907e+00 -2.567289292667171985e-01 -1.622980306171034837e+00 7.063921655747583683e-01 -1.913850733506220259e+00 -2.924280956273506149e-09 -1.651556076620597224e-08 1.299508044227959402e-08 -5.435886030191738882e-08
7.420000000000000000e+02 1.030163501812640492e+00 -7.095093614418319650e-01 1.261862287733319876e+00 -2.430691818611343091e+00 1.706309877125477548e-01 1.170046339337645902e+00 -1.092741695399210844e+00 3.599834627362271000e+00 -4.925359115865695081e-01 -3.117252311602630943e+00 3.393225524484477340e+00 -6.596601022195401676e+00 1.019344657054992582e-16 6.310011297824455649e-16 -1.307076353538142723e-15 2.596773735050774941e-15
7.410000000000000000e+02 1.249507064009024671e+00 7.264588798639360911e-01 -1.008090109047302452e+00 1.564118815360591830e+00 1.246871073580009537e-02 1.202400475840508381e-01 7.958040387606208910e-01 4.988327720289376654e-01 -1.396674242680836786e-01 -7.669267070772967099e-01 -2.860575677889666824e-01 -2.491980397049098905e-01 -3.333663302256789071e-16 -2.003502825981573905e-15 6.433547721297987990e-15 -6.637798890388505423e-15
7.400000000000000000e+02 1.146462326703880485e+00 -6.397463491312620210e-02 4.343551528792019667e+00 -2.416960086036452182e+00 -1.073822318190592595e-02 -2.603989992449727287e-01 1.027707040403846150e+01 -5.061701510496141587e+00 -1.260257527568481029e-01 -5.780332164044932330e-01 -5.940812288630326954e+00 3.261406706959689927e+00 2.829284865543134684e-17 1.128187989594573087e-16 3.116481629287230458e-15 -1.517205904812825399e-15
7.390000000000000000e+02 1.170483727800062157e+00 1.985256765764411846e-01 1.314089125626189514e+00 -4.115164661519842837e-01 9.391315824962970238e-02 2.464459326239928916e-01 1.203499040168369660e+01 -3.709078407949211620e+00 -1.937118035406727168e-01 -9.785606845801250175e-01 -6.380042694919136004e+00 2.145939625185923738e+00 4.421700555997715718e-17 2.256792869946066774e-16 2.384066322546365671e-15 -6.447276994617082838e-16
7.380000000000000000e+02 1.159304440637399791e+00 9.160634656329275094e-02 2.102133155987137236e+00 -5.712194486592370168e-01 1.642931561954270037e-01 4.650298483424211704e-01 1.422235686476219385e+01 -2.681063800236173300e+00 -1.942166594211242048e-01 -9.344615275608104676e-01 -6.079253796400667653e+00 1.358547229759757613e+00 -2.275617411022751222e-17 -1.015791436559322047e-16 -1.224650988488230620e-15 1.819878179706119567e-16
7.370000000000000000e+02 1.138810185693280186e+00 1.833657346160810428e-02 -4.214359488822363442e-01 5.254817397404996232e-02 3.650044393659716835e-02 -5.193383531312396606e-01 1.288256786250686758e+01 -1.990311183934730943e+00 -1.513306082945343189e-01 -5.387895701423506267e-01 -7.466112878912805506e+00 1.320255408779244632e+00 -4.257943243069196009e-17 -7.615158060677916323e-17 -5.176587170579999416e-15 9.096383865393396062e-16
7.360000000000000000e+02 1.163818444093049687e+00 2.428128710236543419e-01 -2.848234870746684244e-01 3.444136429010255518e-02 -4.479907398214871828e-02 -7.168677840570771842e-01 6.029270723256578535e+00 -5.800473760448723315e-01 -9.514945491988532900e-02 -2.380559997692139607e-01 -4.662779814103314990e+00 6.775433379649474785e-01 1.853720094091571013e-10 -6.108536107496398415e-09 8.558353709053889702e-08 -6.487097747864822850e-09
7.350000000000000000e+02 1.181112272174825728e+00 5.032836248713862259e-01 -1.223508900322300974e+00 3.048515276451526507e-02 -1.511591193270672151e-01 -1.672398924400964493e+00 5.904847030442142319e+00 -4.408661504466330205e-01 -2.808572243595189311e-02 3.085684078512562767e-01 -4.307636147339136024e+00 5.726243897506915204e-01 1.201649339380542470e-17 -1.181669525807117727e-17 1.051945516727725372e-15 -5.215374754763574554e-17
7.340000000000000000e+02 1.204510479066411399e+00 7.267002424640903735e-01 -1.922010181168387621e+00 1.243552146942675241e-03 -1.574578821316930111e-01 -1.374987692081195867e+00 1.872541573783183866e+00 1.933946398915950549e-02 -2.641005231065171599e-02 1.723147539812673879e-01 -2.284069330951817633e+00 2.406686013750096442e-01 6.069810348785509291e-10 3.185578315023640528e-09 -2.983221453201068130e-08 2.901697715440576530e-08
7.330000000000000000e+02 1.148480727384820765e+00 1.822005630536351339e-01 -4.247472604864948043e-01 -3.114558458198959934e-01 -1.065285625719232382e-01 -7.825927607090374938e-01 4.331741785688029145e-01 2.437058924272240620e-02 -1.235071031433706140e-01 -7.792136909599061134e-01 -3.944190144160128475e-01 -9.567281891286178938e-03 -1.463560808523399423e-16 -1.269701109940149814e-15 2.600169591052352163e-15 -7.905892855400094320e-16
7.320000000000000000e+02 1.190031615196164516e+00 5.600751593805450845e-01 -9.376740423158443916e-01 -6.938582671682655412e-02 2.550158387012640970e-03 2.191295580194025927e-01 -9.546623447546388475e-01 1.612487305211866007e-01 -2.282955419745343051e-01 -1.763383087790701520e+00 1.235471456044723082e+00 -1.314681635473593513e-01 1.892030351835494173e-09 1.201868601863331776e-08 -4.132777323140324199e-08 3.186472496974346313e-08
7.310000000000000000e+02 1.191882518439643102e+00 3.785196342300644057e-01 -4.355546836537061428e-01 -8.661819338460981232e-02 1.102741037500860333e-01 1.146289671440609004e+00 -2.517100927228263618e+00 -8.532237601145356565e-02 -1.870510357891201347e-01 -1.345763447915583111e+00 1.253656989418061807e+00 2.902603162604268094e-01 3.325796140479210547e-17 3.215864163807255127e-16 -4.934636768616344917e-16 5.246887262608881391e-17
7.300000000000000000e+02 1.178751907253749120e+00 2.798727328375658074e-01 -3.137820260539489481e-01 -4.551800432516492356e-02 -5.331785407205327093e-03 1.199609740390913670e-01 -8.108044224101151887e-01 6.516401482898562247e-02 -1.044618545243670427e-01 -6.331053987112607029e-01 -1.777095948451458685e-01 9.671540122010982565e-02 2.375594606098730569e-17 2.133303514703749926e-16 -2.725942838288042224e-16 2.115052221165298149e-16
7.290000000000000000e+02 1.250573600269500485e+00 7.543237366964907764e-01 -6.927181582592973896e-01 -6.175907484963607530e-01 2.064497626698053034e-01 1.739396403541603853e+00 -2.639362721316667493e+00 -1.120028052808836883e+00 -2.101886732625054821e-01 -1.410364975912399954e+00 9.168275039768264412e-01 9.899003945160826934e-01 1.739890790545364603e-16 1.348924714437678426e-15 -1.261394748344530134e-15 -7.597738298722039603e-16
7.280000000000000000e+02 1.169192248837154890e+00 5.388370070031136411e-02 -7.338852493762447471e-02 -2.992018493139976809e-01 3.944862062294107186e-01 3.147241722896969129e+00 -4.096079003959116172e+00 -1.325239696690663882e+00 -2.921146144559746416e-01 -2.030505655970899159e+00 1.535522433259290498e+00 6.703722551696076337e-01 6.691579411860637967e-17 5.597251510565815721e-16 -7.263675816601558518e-16 -3.958447096055463539e-16
7.270000000000000000e+02 1.159083550259954354e+00 -9.495149707734404365e-02 -4.324155962351258764e-01 -2.327969835701084733e-01 2.700931530647053269e-01 2.055810309587139617e+00 -2.560427849267149725e+00 -5.477410337661008377e-01 -2.502941662226343955e-01 -1.621561412879460651e+00 8.750365240523438892e-01 -3.933067947295830480e-02 3.470268614366752693e-17 2.598714310280401388e-16 -3.039055317034392777e-16 -8.079728087132502043e-16
7.260000000000000000e+02 1.215164295978723885e+00 2.862019029560309291e-01 -2.887815698513256368e-01 -3.234605989314010555e-01 7.992462139724833270e-02 6.396690306428167716e-01 -1.486392974368091480e+00 -5.429516539415294440e-01 -1.245159916336395084e-01 -6.736834497186139359e-01 1.957687654876289207e-01 -3.057207144618678263e-01 6.506829345829955220e-18 1.530475476642396965e-16 -1.079993047394916102e-16 -3.233392567664784562e-16
7.250000000000000000e+02 1.221802824377639096e+00 3.329902376639656825e-01 -1.860852334585528234e-01 -5.269207864792088136e-01 1.451726672808560381e-01 1.100154996900570614e+00 -1.911008779401165203e+00 -1.505192965476333411e+00 -2.826278500949861994e-01 -1.777419530954938764e+00 1.353584129532899638e+00 1.038336180681008525e+00 -8.794224325020237789e-17 -6.244716265888449186e-16 6.674845557374472109e-16 6.948091062508361007e-16
7.240000000000000000e+02 1.246030943419511150e+00 5.210884372453253865e-01 -5.198198671502581858e-01 -7.993338772377662771e-01 1.616967816328671037e-02 2.163994386465701858e-01 -8.944358504659866149e-01 -1.033141035896359972e+00 -1.298966628732346473e-01 -6.983970994528555520e-01 8.833809192321705195e-02 -3.501778371821329117e-02 7.881259631825224420e-16 5.316248464317460817e-15 -4.271909700502773087e-15 -6.042580109943084915e-15
7.230000000000000000e+02 1.206332402784694446e+00 1.531042669665131917e-01 -3.311438352978282040e-01 -1.951342126351575390e-02 1.453630961216910711e-01 1.421121122142176230e+00 -1.303981794673690908e+00 -4.136263373583653369e+00 -1.926431715429870739e-01 -1.318087107806836134e+00 3.286760875594841869e-01 1.464203001697633955e+00 9.575513437720672982e-10 5.507176326080553963e-09 -1.442459708622667591e-08 1.381324110649728709e-08
7.220000000000000000e+02 1.190766813605649066e+00 6.259784504827949070e-02 -1.574096198030418836e-01 3.824143655839021272e-01 1.098297198451685802e-01 1.220190541077940560e+00 -9.035193437375320658e-01 -4.009338141842327730e+00 -1.093675288388111511e-01 -5.482015525202801332e-01 1.422476503575056950e-01 -3.753148668357602635e-01 2.119526165027068036e-18 -1.231973728937948180e-17 -1.756288198623156409e-16 4.829562079219362131e-16
7.210000000000000000e+02 1.087099681937583329e+00 -6.005743998749256685e-01 -1.572184326671763333e-03 4.392856855673961114e-01 3.371075255609687349e-02 4.841140505627899993e-01 -6.642843044039558054e-01 -1.458604709657575826e+00 -1.404397546159858179e-01 -8.237377200779136821e-01 9.561620367471856952e-02 -8.803058383873244019e-02 -3.694521216734969471e-10 2.800428958171785609e-09 1.430766900789581797e-08 -1.572359464852013389e-08
7.200000000000000000e+02 1.134272325387064573e+00 -9.928328246290343828e-02 3.920135905491499151e-01 -5.561170512779265440e-01 6.620174857619061382e-02 9.056850881343713189e-01 -1.925278210001782619e-01 -2.164133471857375479e+00 -1.528150148248404450e-01 -1.006790477514422077e+00 -1.451903480757818221e-01 1.799015193482131902e-01 2.608452882632386527e-17 1.790745147365701012e-16 -7.168365981928055035e-16 -2.478011364630257698e-16
7.190000000000000000e+02 1.090892328940167300e+00 -4.778832767746644117e-01 2.596779441707823821e-01 -1.401189197248365048e-01 -3.270006049861846065e-01 -2.817738484827474466e+00 -1.046081960600445004e+00 3.047364408008528702e+00 1.052929162886388076e-01 1.451954204594019027e+00 5.554354008331696679e-01 -3.111944613193377673e+00 -1.438853528694891416e-16 -1.247023597503388986e-15 -1.688214246081050842e-16 1.135953532620235422e-15
7.180000000000000000e+02 1.031061788906708632e+00 -1.139901918801956127e+00 -2.209929019964040342e-01 6.522101850553846392e-01 1.579105100825063945e-01 1.757094662995241086e+00 8.061027122984976145e-02 -2.693138436784971557e+00 -2.654490037937248803e-01 -2.090332226867383181e+00 -2.943428287849571556e-01 1.363005735637070615e+00 -1.371290391108079162e-16 -1.266343317481639832e-15 -1.018754070777145034e-16 1.202094364101059647e-15
7.170000000000000000e+02 1.111369856181981142e+00 -4.720469550046605955e-01 1.325398654483099237e-01 1.280366525129359723e-01 -2.154817078894942506e-01 -1.774897340449083760e+00 -5.156012876794208166e-01 1.227504066474715883e+00 1.193150756708687144e-02 5.158764933045262291e-01 2.658480518974689621e-01 -1.416072941281295572e+00 -1.725783125936599210e-16 -1.683762230050535971e-15 -3.348538970977085448e-16 2.157762074129195579e-15
7.160000000000000000e+02 1.198391421522824407e+00 2.521881605722534614e-01 4.682482388092830683e-01 -1.799895968199169971e-01 3.682286066578983885e-02 5.796512852664065241e-01 1.589268342492116681e-01 -1.300121044614484633e+00 -1.543938998049748934e-01 -1.004496414417318073e+00 -2.927724455298273409e-01 2.816499931498051001e-01 -2.242484858057037975e-16 -2.026216676206688011e-15 -1.203850943032988601e-15 2.122170553705125280e-15
7.150000000000000000e+02 1.216299282795028303e+00 4.240795548599454179e-01 -1.814884085026626515e-01 -6.306741106796958096e-01 1.549365330335869539e-01 1.525252446138837703e+00 5.047004590544319491e-01 -1.800056783063786803e+00 -1.669912338537082319e-01 -1.079865273224182465e+00 -2.434449660321928444e-01 1.894360430575356136e-01 5.103110794644612701e-17 3.185983140990226309e-16 8.501122759770392441e-17 -1.734372751397084611e-18
7.140000000000000000e+02 1.240505738527832635e+00 4.438844041054329503e-01 7.053925205039150992e-01 -1.683479021465577319e-01 -1.092077157732821921e-02 1.210000690855256578e-01 2.878894750144880832e-01 -7.557430529417230591e-01 -1.075600625847773495e-01 -5.554438935215578743e-01 -2.255778987515563716e-01 -1.974408604410177737e-01 3.614614791991924770e-16 2.656961528891752396e-15 1.734667416292333151e-15 -1.261313264436748761e-15
7.130000000000000000e+02 1.244202726021413241e+00 3.844462947430148936e-01 5.594933062896285669e-01 -1.010027682907774227e-01 -5.515916164466738020e-02 -2.453877731301535581e-01 3.883110360375837677e-01 -3.880000169056661563e-01 -8.759765703235640466e-02 -3.970577284248545946e-01 1.055855207900355947e-01 -2.146260028046134694e-01 -1.079738879608096933e-16 -6.506532156379477168e-16 -4.591290937742854709e-16 1.185868172173706238e-15
7.120000000000000000e+02 1.248903098404824386e+00 4.861912323311637363e-01 5.922699386681030687e-01 -1.326286916125959670e-01 -3.183760909561628855e-02 -8.175501253101427612e-02 5.747347308246781861e-01 -4.784089551331440204e-01 -1.996809115149776603e-01 -1.125846288848872501e+00 -9.392507340083541267e-01 -4.732945526780677620e-02 -1.993880832794508022e-16 -1.265713339208661284e-15 -2.185664236075536240e-15 -2.695313895304755208e-16
7.110000000000000000e+02 1.287020947304547969e+00 7.051063335324008197e-01 4.509512118706308637e-01 -6.089426586588573276e-01 1.061368824061639377e-01 8.020970996859132507e-01 1.725960001050046877e+00 -7.058333436151853491e-01 -1.886610221722372083e-01 -1.019866521700706130e+00 -4.052075934680420266e-01 9.259974939124422655e-02 8.879896992705518716e-17 5.179009165339722032e-16 1.155700488261035943e-16 1.742960408167712136e-16
7.100000000000000000e+02 1.158402625742352088e+00 -1.863080858671354867e-01 3.418119220166001004e-01 6.516411339356562582e-01 2.991780685899571579e-01 2.085974116669429002e+00 3.331851961279074459e+00 -9.194434980052016426e-01 -3.199595172022783873e-01 -1.882096511388041016e+00 -1.316795014907129024e+00 3.515707693666509925e-01 2.884856523795429846e-16 1.815372330040557437e-15 2.783990738425016688e-15 2.174486041532294744e-16
7.090000000000000000e+02 1.278658743500732831e+00 5.429522100909421889e-01 3.209335867736223258e-01 -2.224845484230919268e-01 3.698173731066114467e-01 2.650915696867601756e+00 2.622494154270343714e+00 -7.216284792427166694e-01 -4.258162515584302810e-01 -2.646180692982612825e+00 -8.068834075459579980e-01 4.577139298354301888e-01 1.131362172772514673e-15 7.853141655148346224e-15 6.690277213682339626e-15 2.027347780760676191e-15
7.080000000000000000e+02 1.228920269967111345e+00 1.961293310732007966e-01 1.128927416716617588e-01 -1.858999672924507851e-03 1.586886999516663177e-01 1.230605425375805417e+00 2.224652528005958363e+00 -4.039924618807061441e-01 -1.804965107718455031e-01 -9.556926199720473525e-01 3.566574545313924149e-01 7.018113479613352634e-01 2.033481855123753235e-10 1.655200837502590616e-09 -8.345894433881007046e-09 -1.133351479332134204e-08
7.070000000000000000e+02 1.297726389938757441e+00 7.449820636094957038e-01 1.519582939335644811e+00 8.780999403036876538e-01 5.545850482904147311e-02 5.483951393498357474e-01 1.503542037069965920e+00 -3.184086000728111321e-01 -8.497988820519117303e-02 -3.032935060728936261e-01 1.354823412085397027e+00 1.316794962806009606e+00 -7.009073788912120804e-17 -4.873192924176262841e-16 -4.049970064797474758e-16 -6.504361700626587028e-17
7.060000000000000000e+02 1.177672861683392691e+00 -2.020057768791468367e-01 -5.355731098756710828e-01 -2.147035567231575237e-01 2.335914211361065640e-01 1.795253862865972216e+00 3.189502532021622372e+00 -1.156361900912955959e-01 -1.784899253196638447e-01 -9.176904584715033231e-01 6.999487324175489578e-01 1.985132485941680791e+00 -7.560275195721694067e-17 -5.214265652386699672e-16 -5.285681334886988664e-16 2.280020788106464210e-17
7.050000000000000000e+02 1.217421162171439697e+00 2.159832720819364338e-02 3.255200702286462633e-01 3.132871292952725539e-02 2.766792057782019310e-01 1.971813167837282554e+00 2.443477291215606417e+00 -1.329943334538046917e+00 -2.361194624105129869e-01 -1.238041359364076888e+00 4.712801423278523139e-01 2.972138537720565132e+00 3.546129209719417474e-09 2.652529056124119933e-08 2.063393134132951445e-08 3.715112439905965402e-09
7.040000000000000000e+02 1.220548635844606267e+00 9.978188910017390945e-02 2.546647808916249756e-01 5.986739662785882654e-01 2.565339889549645563e-02 2.184824071953851421e-01 5.190043050926904655e-01 -3.264936678625308453e+00 -1.779925755467335335e-01 -8.735501555383814454e-01 5.749492819451994530e-01 4.094537114077545503e+00 4.068151099682647813e-16 2.935573247274414476e-15 2.367642108026462859e-15 -1.080936933265733011e-15
7.030000000000000000e+02 1.232475231155434114e+00 1.045309491886479702e-01 -1.127813917476434558e-01 1.005754324318379078e+00 7.280478738891361934e-02 6.565177568029101351e-01 1.375606484420927478e+00 -3.051409090914311673e+00 -3.040423824909416761e-01 -1.827779572880787518e+00 -1.012876575065844609e+00 4.394022503862835549e+00 -6.365506063434959413e-16 -4.558884810448387314e-15 -4.521217326421521258e-15 3.000074951274629373e-16
7.020000000000000000e+02 1.115314079824381244e+00 -5.027263065111872153e-01 -2.680891259611412614e-01 -1.033804019555052411e+00 -2.256519569063943631e-01 -1.429489765326825701e+00 2.534224994629729610e-01 -3.874192909898537263e+00 5.317508246345585554e-02 6.600893896168829045e-01 9.176941118777361961e-01 5.094337648068138158e+00 -2.303900101693465265e-17 -1.873163512167034838e-16 -2.742823903005896847e-16 -1.174817049116165139e-15
7.010000000000000000e+02 1.381407332838969770e+00 1.420350499130973221e+00 1.983175605570687061e+00 2.527714379617682194e+00 -1.810079126112306216e-02 1.783756701788266896e-01 9.522833238015049329e-01 -3.380211482718551874e+00 -6.075300179832096581e-02 -2.178039931635966930e-01 7.957358446247002615e-01 7.976579727192991243e+00 -4.301362263614834139e-17 -3.495132647052672059e-16 -4.397231388187709225e-16 -3.810718193998486702e-15
