9.000000000000000000e+02 -7.930699587136226525e-02 9.000000000000000000e+01 5.190732060764685230e+01 7.192465256383519545e+01 -2.989770749715302961e-03 1.751138419448401706e-02 3.925780457324525019e-02 0.000000000000000000e+00
8.990000000000000000e+02 -6.631462900590669174e-02 9.000000000000000000e+01 8.287731060590448351e+01 -1.600322667276918764e+02 6.845269239845258417e-03 1.505759533254733516e-02 3.378670256898973212e-02 0.000000000000000000e+00
8.980000000000000000e+02 -2.141363651583741683e-03 9.000000000000000000e+01 9.085048561247680254e+01 -1.669205962802191436e+02 1.085686457629708897e-02 1.881289563378251220e-02 4.219279503065584414e-02 0.000000000000000000e+00
8.970000000000000000e+02 2.189135737980513197e-02 9.000000000000000000e+01 1.135761575641543573e+02 1.762606534981550226e+02 1.160184605052012353e-02 2.051991605579862876e-02 4.598785136925994527e-02 0.000000000000000000e+00
8.960000000000000000e+02 3.531122812230821917e-02 9.000000000000000000e+01 1.073149685223189067e+02 1.793545945865459430e+02 1.245567463784714481e-02 1.853155134326870887e-02 4.156818629324814107e-02 0.000000000000000000e+00
8.950000000000000000e+02 4.710925860767024159e-02 9.000000000000000000e+01 1.115912182594240676e+02 1.735935357127976886e+02 1.305484168152969138e-02 2.065096625807710459e-02 4.631997423627287613e-02 0.000000000000000000e+00
8.940000000000000000e+02 2.870402264609405243e-02 9.000000000000000000e+01 1.213107902118928791e+02 -1.499101292515700834e+01 -1.354868843231101135e-02 1.926472179456812858e-02 4.322860282652110642e-02 0.000000000000000000e+00
8.930000000000000000e+02 2.931102343742641655e-02 9.000000000000000000e+01 1.416637049467013867e+02 -2.887429168159570736e+01 -1.460333814083308521e-02 1.780821469067575893e-02 3.997424711496055244e-02 0.000000000000000000e+00
8.920000000000000000e+02 3.024080228873031809e-02 9.000000000000000000e+01 1.394143617689670691e+02 -2.856723082551485504e+01 -1.679743501681604453e-02 1.947299415177897175e-02 4.369339274561878650e-02 0.000000000000000000e+00
8.910000000000000000e+02 3.702181570544192668e-02 9.000000000000000000e+01 1.505874798409016648e+02 -3.368796392509412385e+01 -1.857448195756796622e-02 1.978641944690735441e-02 4.438950979739819669e-02 0.000000000000000000e+00
8.900000000000000000e+02 3.632692695498310198e-02 9.000000000000000000e+01 1.575305948019788502e+02 -3.646642215325343273e+01 -1.969131245099654121e-02 1.749573512275943987e-02 3.927211093847081391e-02 0.000000000000000000e+00
8.890000000000000000e+02 4.106775610943355637e-02 9.000000000000000000e+01 1.687900924584767495e+02 -4.323291682821698600e+01 -2.053125664888160243e-02 1.750780022547441042e-02 3.929834334019358805e-02 0.000000000000000000e+00
8.880000000000000000e+02 3.891956100642978561e-02 9.000000000000000000e+01 -1.760245082797125633e+02 -5.420780146808776578e+01 -2.047304399377127687e-02 1.890364943191526551e-02 4.242329588898373360e-02 0.000000000000000000e+00
8.870000000000000000e+02 3.555788826951176984e-02 9.000000000000000000e+01 -1.610976440294728036e+02 1.131881537582636383e+02 1.969976315442127299e-02 1.790757339429865230e-02 4.019804914447482752e-02 0.000000000000000000e+00
8.860000000000000000e+02 2.429497981372607043e-02 9.000000000000000000e+01 -1.554678172042553683e+02 1.083360737762855024e+02 1.770902025868812887e-02 1.795625991906982591e-02 4.031732697508737945e-02 0.000000000000000000e+00
8.850000000000000000e+02 -8.841771484441703771e-03 9.000000000000000000e+01 -1.549090243812377139e+02 -7.645606503024160361e+01 -1.485334417730095440e-02 1.964380825330524355e-02 4.410309840655018965e-02 0.000000000000000000e+00
8.840000000000000000e+02 -1.539646740806636591e-02 9.000000000000000000e+01 -1.554685085538449698e+02 -8.738698966295885384e+01 -1.195435928515147656e-02 2.092462517362805863e-02 4.697193716429148153e-02 0.000000000000000000e+00
8.830000000000000000e+02 -2.593273949536194917e-02 9.000000000000000000e+01 -1.581695391753081026e+02 8.216288701958001184e+01 1.062469703037377533e-02 1.918004513113337473e-02 4.306792858887324021e-02 0.000000000000000000e+00
8.820000000000000000e+02 -4.297976408902911410e-02 9.000000000000000000e+01 -1.577810860714083674e+02 7.591112336279752526e+01 8.555182182553801654e-03 1.960765402770354993e-02 4.401336574675204782e-02 0.000000000000000000e+00
8.810000000000000000e+02 -2.273376940246868774e-02 9.000000000000000000e+01 -1.483238880854752324e+02 -1.058994091659263859e+02 -6.013165618935324870e-03 1.780981097466684954e-02 3.997476986731578197e-02 0.000000000000000000e+00
8.800000000000000000e+02 1.679965500142242829e-02 9.000000000000000000e+01 -1.277653181625698835e+02 -8.865513388336061951e+01 -2.976714836977575884e-03 1.477702983742026216e-02 3.317436394095810148e-02 0.000000000000000000e+00
8.790000000000000000e+02 2.678362682479611123e-02 9.000000000000000000e+01 -1.040143148301273754e+02 -5.066423125203041877e+01 -3.512489327098568433e-03 1.622387027950005639e-02 3.641654523033181073e-02 0.000000000000000000e+00
8.780000000000000000e+02 3.448017404123199930e-02 9.000000000000000000e+01 -9.385789152043247441e+01 -3.175838197269891339e+01 -5.396512746942530407e-03 1.813610313011539826e-02 4.070214138938924725e-02 0.000000000000000000e+00
8.770000000000000000e+02 3.902514093096705328e-02 9.000000000000000000e+01 -9.018086705728018160e+01 -2.402633995597574312e+01 -7.327866825938316592e-03 1.836564369420497569e-02 4.121354422506862819e-02 0.000000000000000000e+00
8.760000000000000000e+02 3.000945997499013598e-02 9.000000000000000000e+01 -8.398865709208229191e+01 1.529821278726424225e+02 9.114902525917654291e-03 2.222476318900531295e-02 4.981662867599042505e-02 0.000000000000000000e+00
8.750000000000000000e+02 3.797079219883052470e-02 9.000000000000000000e+01 -6.613890883188429370e+01 1.317434942895688437e+02 9.981505882940814103e-03 1.989453487830210657e-02 4.460849638185509364e-02 0.000000000000000000e+00
8.740000000000000000e+02 5.825062019523236795e-02 9.000000000000000000e+01 -3.923730305207277524e+01 -8.156799790721211707e+01 -9.604664276743713619e-03 1.970766062697165699e-02 4.420040422591673540e-02 0.000000000000000000e+00
8.730000000000000000e+02 1.054222520479661251e-01 9.000000000000000000e+01 -2.274195264807349304e+01 -1.005196173073927923e+02 -8.667893256230178867e-03 1.830308903575242688e-02 4.108818479052062100e-02 0.000000000000000000e+00
8.720000000000000000e+02 1.431103284282040367e-01 9.000000000000000000e+01 -1.772777532903182873e+01 -1.107979308233778539e+02 -8.330986714923859990e-03 1.985777336242170246e-02 4.459667763717505007e-02 0.000000000000000000e+00
8.710000000000000000e+02 1.796914639935613123e-01 9.000000000000000000e+01 -2.011918567464670105e+01 -1.136386517101716436e+02 -8.710793393123314812e-03 2.102125224516893098e-02 4.722697019785821598e-02 0.000000000000000000e+00
8.700000000000000000e+02 1.945756907789944756e-01 9.000000000000000000e+01 -2.399136040563905681e+01 -1.157239841758826202e+02 -9.443955667697260734e-03 1.990994485719401255e-02 4.474547611319996260e-02 0.000000000000000000e+00
8.690000000000000000e+02 1.938564720500255134e-01 9.000000000000000000e+01 -2.663157402577985522e+01 -1.185811571711842589e+02 -9.015299908875680501e-03 1.806294965530600219e-02 4.060243973165358206e-02 0.000000000000000000e+00
8.680000000000000000e+02 1.574998529280902115e-01 9.000000000000000000e+01 -2.528369740059963533e+01 -1.243170214978768797e+02 -7.562984888137171471e-03 1.730223078924151073e-02 3.888972672992830476e-02 0.000000000000000000e+00
8.670000000000000000e+02 1.287797051250119673e-01 9.000000000000000000e+01 -2.256779311431182578e+01 -1.254176800053355549e+02 -5.677452412592913326e-03 1.475037088556479213e-02 3.315633922771397957e-02 0.000000000000000000e+00
8.660000000000000000e+02 9.574178857612579419e-02 9.000000000000000000e+01 -1.932176006374993449e+01 -1.249169262945164434e+02 -4.659473001726264010e-03 1.699922973906676724e-02 3.820230165423894181e-02 0.000000000000000000e+00
8.650000000000000000e+02 7.687149059158425446e-02 9.000000000000000000e+01 -1.581442644454489255e+01 -1.219663522934420001e+02 -4.529773527284142523e-03 1.593405241069094022e-02 3.580718756649464707e-02 0.000000000000000000e+00
8.640000000000000000e+02 5.565573503602205124e-02 9.000000000000000000e+01 -1.256963629830715945e+01 -1.121365806168121821e+02 -4.978172427724992036e-03 1.890105471992290301e-02 4.245628352885437440e-02 0.000000000000000000e+00
8.630000000000000000e+02 4.060921667075614166e-02 9.000000000000000000e+01 -5.357765162466648690e+00 -1.061351188232764571e+02 -5.221051486212360294e-03 1.798143091683682832e-02 4.038306863273800895e-02 0.000000000000000000e+00
8.620000000000000000e+02 4.324888497552249050e-02 9.000000000000000000e+01 4.731104287471140424e+00 7.059921956559941236e+01 5.170729210622416853e-03 1.913287149004782098e-02 4.294107140750484664e-02 0.000000000000000000e+00
8.610000000000000000e+02 4.718959084492108796e-02 9.000000000000000000e+01 2.132744254574240017e+01 -1.265272848957160932e+02 -4.406733408701108030e-03 1.854429029561089140e-02 4.160828990528494392e-02 0.000000000000000000e+00
8.600000000000000000e+02 3.167601929981875980e-02 9.000000000000000000e+01 3.934452004174755757e+01 -1.508896719427360722e+02 -3.668864629636801444e-03 1.666988023405531136e-02 3.741127121566694552e-02 0.000000000000000000e+00
8.590000000000000000e+02 4.217088366045923520e-02 9.000000000000000000e+01 5.295157325379827284e+01 -1.725305993431173874e+02 -3.255402296318099520e-03 1.669446909183992453e-02 3.746790492706376235e-02 0.000000000000000000e+00
8.580000000000000000e+02 5.105603267478646401e-02 9.000000000000000000e+01 5.846016356882134346e+01 1.776929268254141334e+02 -3.657183565678937768e-03 1.883289497308667654e-02 4.225541997321350524e-02 0.000000000000000000e+00
8.570000000000000000e+02 7.912688222257491244e-02 9.000000000000000000e+01 6.229866568371406288e+01 1.722487342067666418e+02 -4.342877405765352937e-03 1.751132327990602422e-02 3.929796859973631179e-02 0.000000000000000000e+00
8.560000000000000000e+02 1.001254478387302166e-01 9.000000000000000000e+01 6.603802836716195657e+01 1.688208460279246310e+02 -4.312572542624041813e-03 1.752777515309658987e-02 3.932635137191940050e-02 0.000000000000000000e+00
8.550000000000000000e+02 1.238303821870070931e-01 9.000000000000000000e+01 7.654042926210388487e+01 1.584064216875987086e+02 -4.224151646922616812e-03 1.708720392020831799e-02 3.833772611065654201e-02 0.000000000000000000e+00
8.540000000000000000e+02 1.272577583650532640e-01 9.000000000000000000e+01 9.286012790658702443e+01 1.458244110384799797e+02 -3.974404558303367904e-03 1.875566728309284795e-02 4.207121535015485858e-02 0.000000000000000000e+00
8.530000000000000000e+02 1.263404502408903007e-01 9.000000000000000000e+01 1.070645522513992773e+02 1.352879266349810905e+02 -3.793026544300487617e-03 1.940323494262221476e-02 4.353358070224133680e-02 0.000000000000000000e+00
8.520000000000000000e+02 1.129786130125827737e-01 9.000000000000000000e+01 1.122840611641018995e+02 -3.918867245560409174e+01 4.106704085334820023e-03 1.699054098318015724e-02 3.815159152325478531e-02 0.000000000000000000e+00
8.510000000000000000e+02 9.248656215529166280e-02 9.000000000000000000e+01 1.152821105282380927e+02 -3.803461753496685560e+01 4.320806125197355907e-03 1.865351419287752249e-02 4.188174262177607465e-02 0.000000000000000000e+00
8.500000000000000000e+02 7.787798205717880173e-02 9.000000000000000000e+01 1.180536410293349263e+02 -3.524363061475543191e+01 4.873096158468643094e-03 1.687925583734248627e-02 3.790616667703830545e-02 0.000000000000000000e+00
8.490000000000000000e+02 6.991273989472686357e-02 9.000000000000000000e+01 1.263287259923895363e+02 1.383801058047183687e+02 -5.382856210558472666e-03 1.669558562310206884e-02 3.748315425456999472e-02 0.000000000000000000e+00
8.480000000000000000e+02 6.631946563071017264e-02 9.000000000000000000e+01 1.377192541195172453e+02 -5.092208949999212564e+01 6.153774106058402388e-03 1.664646613558216220e-02 3.736343280877430645e-02 0.000000000000000000e+00
8.470000000000000000e+02 7.767155826325557177e-02 9.000000000000000000e+01 1.478200378823004257e+02 -6.000379030205499475e+01 6.486285246355694145e-03 1.467027619063907863e-02 3.293561758251492555e-02 0.000000000000000000e+00
8.460000000000000000e+02 5.536060680464487821e-02 9.000000000000000000e+01 1.515513835869027162e+02 -6.295598332796089380e+01 6.165527829914793645e-03 1.589402079246133789e-02 3.567839574174379996e-02 0.000000000000000000e+00
8.450000000000000000e+02 4.208343318527149601e-02 9.000000000000000000e+01 1.575588523455676295e+02 -7.013391054882902154e+01 5.778622851405377375e-03 1.640358568617675261e-02 3.681976785140748942e-02 0.000000000000000000e+00
8.440000000000000000e+02 3.248422461112991655e-02 9.000000000000000000e+01 1.646667003333282082e+02 -7.506293384477635300e+01 5.689137880212918538e-03 1.527329484874556144e-02 3.428861792335381048e-02 0.000000000000000000e+00
8.430000000000000000e+02 8.938122046258075229e-03 9.000000000000000000e+01 1.726205159589916320e+02 -7.978349126077773690e+01 5.910163871557466350e-03 1.689754254487117052e-02 3.791899647266957357e-02 0.000000000000000000e+00
8.420000000000000000e+02 -1.424093133149719435e-02 9.000000000000000000e+01 -1.775093769635561785e+02 -8.499475678604034101e+01 6.287421778393881971e-03 1.597244179357233673e-02 3.584331663339265783e-02 0.000000000000000000e+00
8.410000000000000000e+02 -1.730588721553041540e-02 9.000000000000000000e+01 -1.691856016550357253e+02 9.201306198370389211e+01 -6.285801380615370533e-03 1.665971491192235962e-02 3.737597293675887222e-02 0.000000000000000000e+00
8.400000000000000000e+02 -2.040172074979967540e-02 9.000000000000000000e+01 -1.660996129627864093e+02 -8.487759073687115574e+01 5.853812797007839838e-03 1.641443108984919075e-02 3.682583070735397784e-02 0.000000000000000000e+00
8.390000000000000000e+02 -1.538382773765733721e-02 9.000000000000000000e+01 -1.646982020656790269e+02 -8.381587070742266121e+01 5.293672425531826924e-03 1.596879169255056505e-02 3.582891258541198026e-02 0.000000000000000000e+00
8.380000000000000000e+02 -1.591854161744009344e-02 9.000000000000000000e+01 -1.614275931998194551e+02 -8.326763656420597215e+01 5.017175460611839923e-03 1.658341016218586525e-02 3.720430346534873284e-02 0.000000000000000000e+00
8.370000000000000000e+02 -1.052795979645669393e-02 9.000000000000000000e+01 -1.580607863305537535e+02 -8.579921149523086399e+01 5.001005930502984767e-03 1.644293169908528709e-02 3.689216067286728989e-02 0.000000000000000000e+00
8.360000000000000000e+02 -7.747103587179207142e-03 9.000000000000000000e+01 -1.497251571237702592e+02 -9.019004213068275533e+01 5.034331333541588842e-03 1.636872619833912995e-02 3.672777394491385378e-02 0.000000000000000000e+00
8.350000000000000000e+02 -1.395290616290356840e-02 9.000000000000000000e+01 -1.406872306375191783e+02 -9.461432736467223492e+01 5.191646042217727859e-03 1.601800497801005377e-02 3.594329521891918844e-02 0.000000000000000000e+00
8.340000000000000000e+02 -2.059845710396170787e-02 9.000000000000000000e+01 -1.326695352216247556e+02 -9.271956256317361067e+01 5.142968892050804250e-03 1.471382143118988260e-02 3.302207038670287170e-02 0.000000000000000000e+00
8.330000000000000000e+02 -3.575378964118345465e-02 9.000000000000000000e+01 -1.241275004757220586e+02 -9.120284331192850402e+01 5.203254086328682089e-03 1.527389337748975839e-02 3.427243774991448749e-02 0.000000000000000000e+00
8.320000000000000000e+02 -4.036468765525019070e-02 9.000000000000000000e+01 -1.151468999493637284e+02 -8.717308490203281224e+01 5.533842205441661700e-03 1.572190456241845738e-02 3.526759971759653445e-02 0.000000000000000000e+00
8.310000000000000000e+02 -4.747728576073380335e-02 9.000000000000000000e+01 -9.917549928971169493e+01 -9.191565913140414068e+01 5.912116154093175098e-03 1.595113131078245566e-02 3.577373319316028144e-02 0.000000000000000000e+00
8.300000000000000000e+02 -5.323924680415129812e-02 9.000000000000000000e+01 -7.439990788800685095e+01 -1.053359039509854540e+02 6.402172631119604738e-03 1.487330501212698677e-02 3.335924519229524488e-02 0.000000000000000000e+00
8.290000000000000000e+02 -6.463312128898336673e-02 9.000000000000000000e+01 -4.063199260020212478e+01 -1.288210595086169405e+02 6.947769956311809596e-03 1.525563550085246717e-02 3.421220701524517460e-02 0.000000000000000000e+00
8.280000000000000000e+02 -5.714361636902221681e-02 9.000000000000000000e+01 -5.792913913477633514e+00 -1.519950244330297551e+02 7.534241269762580878e-03 1.472236489444956643e-02 3.301983330725757199e-02 0.000000000000000000e+00
8.270000000000000000e+02 -6.939137130417571964e-02 9.000000000000000000e+01 2.989777453204888502e+01 -1.760996390568389529e+02 7.916971177004192631e-03 1.414772971295318905e-02 3.173637466185856570e-02 0.000000000000000000e+00
8.260000000000000000e+02 -6.780091035834551194e-02 9.000000000000000000e+01 5.149652567854442964e+01 1.732448514716247701e+02 8.431953929756225846e-03 1.463586263458607935e-02 3.282987182387091252e-02 0.000000000000000000e+00
8.250000000000000000e+02 -7.333662672317252385e-02 9.000000000000000000e+01 6.857129345631284423e+01 1.647055736980448728e+02 8.836096733818835439e-03 1.471215523792974295e-02 3.300233376864724483e-02 0.000000000000000000e+00
8.240000000000000000e+02 -6.347416960949835152e-02 9.000000000000000000e+01 7.949355062842732877e+01 1.604150742102440290e+02 9.236929592308474463e-03 1.392304123513600674e-02 3.123903605192740809e-02 0.000000000000000000e+00
8.230000000000000000e+02 -6.380081492715003466e-02 9.000000000000000000e+01 8.794943876978169328e+01 1.561746327500807752e+02 9.553418179460971410e-03 1.593461104689254323e-02 3.573958197736080283e-02 0.000000000000000000e+00
8.220000000000000000e+02 -4.494140427753395839e-02 9.000000000000000000e+01 9.710196446172403739e+01 1.515233396448944632e+02 9.495077197859339360e-03 1.403966159829475764e-02 3.150193503162911773e-02 0.000000000000000000e+00
8.210000000000000000e+02 -3.409040660134862039e-02 9.000000000000000000e+01 1.111313608782911615e+02 -3.353091576366421123e+01 -9.002851014061554955e-03 1.511547085103880604e-02 3.390824335580502891e-02 0.000000000000000000e+00
8.200000000000000000e+02 -1.228398070587088421e-02 9.000000000000000000e+01 1.493237848032930515e+02 -4.553640237469460317e+01 -7.329294115290960025e-03 1.509065577393604689e-02 3.384818961444753527e-02 0.000000000000000000e+00
8.190000000000000000e+02 2.382198883759768793e-02 9.000000000000000000e+01 -1.064834830343819476e+02 -5.525880652595154174e+01 -1.410720302831000410e-02 1.338718388922350601e-02 3.006199723476577976e-02 0.000000000000000000e+00
8.180000000000000000e+02 5.431788056266888959e-02 9.000000000000000000e+01 -7.817982390162535467e+01 -5.291479625254464736e+01 -8.687813927201860909e-02 1.597250063954840094e-02 3.610942092450816765e-02 0.000000000000000000e+00
8.170000000000000000e+02 -9.558445393245640354e-02 9.000000000000000000e+01 -5.979883342896505383e+01 1.162486931601948754e+02 5.290539028952975092e-02 1.545052976475269277e-02 3.481825485562179551e-02 0.000000000000000000e+00
8.160000000000000000e+02 -1.131926621333922550e-01 9.000000000000000000e+01 -3.668519487057386641e+01 -6.772806046596474516e+01 -1.487450081804515302e-02 1.513654268641686368e-02 3.398968664398912404e-02 0.000000000000000000e+00
8.150000000000000000e+02 -9.856574510388592392e-02 9.000000000000000000e+01 -1.119092380707525081e+01 1.123535043188890086e+02 5.872885173168702032e-03 1.436618288978534601e-02 3.223854871498860880e-02 0.000000000000000000e+00
8.140000000000000000e+02 -9.741619436619868011e-02 9.000000000000000000e+01 1.401225109345608644e+01 1.246336523046265938e+02 3.102807682223016755e-03 1.497103867559114974e-02 3.358430507366479134e-02 0.000000000000000000e+00
8.130000000000000000e+02 -9.481919517468240244e-02 9.000000000000000000e+01 3.492643804528756846e+01 1.397761609419693514e+02 2.522510712731301005e-03 1.388664844178984573e-02 3.115598084860309036e-02 0.000000000000000000e+00
8.120000000000000000e+02 -9.483558373267850228e-02 9.000000000000000000e+01 5.020317396546164446e+01 1.451680957908274650e+02 2.430880803756374671e-03 1.454129241528680228e-02 3.261964287319357031e-02 0.000000000000000000e+00
8.110000000000000000e+02 -1.076403587626158509e-01 9.000000000000000000e+01 6.078256698904951350e+01 1.515517144947306747e+02 2.263884342527950309e-03 1.504633715875764756e-02 3.374800578382577965e-02 0.000000000000000000e+00
8.100000000000000000e+02 -1.108731103387578659e-01 9.000000000000000000e+01 6.955045608496189402e+01 1.605490937439885784e+02 2.091777428924429787e-03 1.381901196185332178e-02 3.100061662727431749e-02 0.000000000000000000e+00
8.090000000000000000e+02 -1.056855867900781260e-01 9.000000000000000000e+01 7.591819789903459537e+01 1.757131325494415250e+02 2.069839255441628754e-03 1.319841766746806221e-02 2.960951273089262870e-02 0.000000000000000000e+00
8.080000000000000000e+02 -1.123150925155491087e-01 9.000000000000000000e+01 1.070397237298323603e+02 -1.211126701348240431e+01 -2.253860743023203619e-03 1.267844972607453519e-02 2.844272573271582755e-02 0.000000000000000000e+00
8.070000000000000000e+02 -1.082652561805196034e-01 9.000000000000000000e+01 -1.249075988090925193e+02 -1.159667739311250472e+02 -1.822441183410895144e-03 1.446211510162025322e-02 3.243267555654423540e-02 0.000000000000000000e+00
8.060000000000000000e+02 -1.085365692001408616e-01 9.000000000000000000e+01 -1.022410434285944802e+02 -1.373744830875853324e+02 -1.800870654432329280e-03 1.487810603690293762e-02 3.336599296744340026e-02 0.000000000000000000e+00
8.050000000000000000e+02 -1.071326272128085844e-01 9.000000000000000000e+01 -8.978492992810902251e+01 -1.525714815872531744e+02 -1.714818030224188068e-03 1.480628795997217598e-02 3.320854928889101221e-02 0.000000000000000000e+00
8.040000000000000000e+02 -9.748612832057687583e-02 9.000000000000000000e+01 -8.976555696407245932e+01 -1.650288825579376351e+02 -1.769510797218779019e-03 1.516427603807793054e-02 3.401262060183702501e-02 0.000000000000000000e+00
8.030000000000000000e+02 -1.014351918624347149e-01 9.000000000000000000e+01 -8.796418365877002543e+01 9.898433387301963648e+00 1.917074264989686826e-03 1.391301194734329526e-02 3.121527731527642263e-02 0.000000000000000000e+00
8.020000000000000000e+02 -8.918725105942278131e-02 9.000000000000000000e+01 -7.336960753766703647e+01 1.719239538813442323e+02 -1.795597818864522969e-03 1.451063249951525976e-02 3.255435985423795614e-02 0.000000000000000000e+00
8.010000000000000000e+02 -8.292101297193560372e-02 9.000000000000000000e+01 -6.398834298342165994e+01 -2.478347847997974895e+01 1.874569617135244358e-03 1.290643431452713312e-02 2.896453587447414546e-02 0.000000000000000000e+00
8.000000000000000000e+02 -8.257100938039181603e-02 9.000000000000000000e+01 -5.681285138950062219e+01 1.423868664730158002e+02 -1.964309020984038312e-03 1.284834704549319036e-02 2.883504873020912088e-02 0.000000000000000000e+00
7.990000000000000000e+02 -8.691445462094626873e-02 9.000000000000000000e+01 -5.539192621992430077e+01 -5.181033245070602788e+01 1.819091467000075440e-03 1.418314872313870822e-02 3.182191572345364344e-02 0.000000000000000000e+00
7.980000000000000000e+02 -1.333845586178852294e-01 9.000000000000000000e+01 -1.542566478363152100e+02 2.159384423621281712e+01 1.136832099854952162e-03 1.364812139091848772e-02 3.062084218375671352e-02 0.000000000000000000e+00
7.970000000000000000e+02 -2.000898191714980678e-01 9.000000000000000000e+01 1.699039997703323479e+02 -2.225479580024983761e+01 1.653217821545249419e-02 1.705499311065458018e-02 3.849508225778788817e-02 0.000000000000000000e+00
7.960000000000000000e+02 -6.476451248583903197e-02 9.000000000000000000e+01 -1.778871089096497826e+02 -2.297326525574018774e+01 1.705706240913955340e-02 1.427494269661149472e-02 3.212162458011637300e-02 0.000000000000000000e+00
7.950000000000000000e+02 -5.563438878909957724e-02 9.000000000000000000e+01 -1.381042130205918284e+02 -5.274402026479961592e+01 5.118114694856745923e-03 1.312829185258158372e-02 2.946963221216563830e-02 0.000000000000000000e+00
7.940000000000000000e+02 -6.625501420899759797e-02 9.000000000000000000e+01 -9.854383295068555526e+01 -8.440533538038236827e+01 3.394189322818231928e-03 1.386331698052329503e-02 3.111013436021014752e-02 0.000000000000000000e+00
7.930000000000000000e+02 -7.787001702630280686e-02 9.000000000000000000e+01 -8.561354757663093551e+01 -9.241126363277531652e+01 2.630805462463163200e-03 1.452658193914720987e-02 3.259534571737609382e-02 0.000000000000000000e+00
7.920000000000000000e+02 -8.108319243314465741e-02 9.000000000000000000e+01 -7.926406317981002303e+01 -1.016302181739671937e+02 2.131184695674942509e-03 1.436172073996950897e-02 3.222775072661421963e-02 0.000000000000000000e+00
7.910000000000000000e+02 -9.838332436645366719e-02 9.000000000000000000e+01 -7.778154534773233308e+01 -1.103146272892109039e+02 1.637333473242231574e-03 1.254025715517103137e-02 2.814857388270909644e-02 0.000000000000000000e+00
7.900000000000000000e+02 -9.775821024854453034e-02 9.000000000000000000e+01 -7.714854009236825050e+01 -1.275634199876095209e+02 1.248385807568240221e-03 1.361584276328752820e-02 3.055707201526573075e-02 0.000000000000000000e+00
7.890000000000000000e+02 -1.047978353582651317e-01 9.000000000000000000e+01 -7.903954865900203686e+01 -1.632905138914187546e+02 9.049975923654226054e-04 1.383581501781227727e-02 3.104813318446040735e-02 0.000000000000000000e+00
7.880000000000000000e+02 -9.508657388059170434e-02 9.000000000000000000e+01 -8.312750607455956242e+01 -2.810538548620306187e+01 -1.053594124532564527e-03 1.380619291276977828e-02 3.097893877860748504e-02 0.000000000000000000e+00
7.870000000000000000e+02 -9.529304709967501008e-02 9.000000000000000000e+01 -8.682547128588657870e+01 -4.930648146333385284e+01 -1.552568275507443729e-03 1.377134731189577459e-02 3.089750059256338860e-02 0.000000000000000000e+00
7.860000000000000000e+02 -9.947887495965074267e-02 9.000000000000000000e+01 -9.421344956056503861e+01 -5.301728142093242013e+01 -2.096102831593216892e-03 1.424972120952901038e-02 3.196629365619911567e-02 0.000000000000000000e+00
7.850000000000000000e+02 -8.930813041488475101e-02 9.000000000000000000e+01 -9.903810237032627128e+01 -5.961035845817812628e+01 -2.594724300338076533e-03 1.399876714459719756e-02 3.140244891334951355e-02 0.000000000000000000e+00
7.840000000000000000e+02 -9.604682149723911544e-02 9.000000000000000000e+01 -1.003544740201847389e+02 -6.541515628929963100e+01 -3.283819354718459788e-03 1.366378863048729568e-02 3.064993685716510194e-02 0.000000000000000000e+00
7.830000000000000000e+02 -8.816977655756866317e-02 9.000000000000000000e+01 -1.142572241711496304e+02 -6.001277955831582744e+01 -4.430808061542983872e-03 1.366751389779051994e-02 3.065624247164915744e-02 0.000000000000000000e+00
7.820000000000000000e+02 -9.364331944189925594e-02 9.000000000000000000e+01 -1.796447430942888559e+02 7.118893431688491091e-01 -5.874316915891870244e-03 1.374215840734367353e-02 3.082193371514110533e-02 0.000000000000000000e+00
7.810000000000000000e+02 -7.660760244320688472e-02 9.000000000000000000e+01 -1.334984031895012322e+02 -3.569494510064257042e+01 -5.919827900132315808e-03 1.294561705140758606e-02 2.904134711919299783e-02 0.000000000000000000e+00
7.800000000000000000e+02 -6.690604049368285844e-02 9.000000000000000000e+01 -1.135036408484147614e+02 -5.322777046801236622e+01 -6.131757915502269313e-03 1.280142248462284339e-02 2.871830848888602683e-02 0.000000000000000000e+00
7.790000000000000000e+02 -6.767845819089524095e-02 9.000000000000000000e+01 -8.555698845726561785e+01 -8.253241655090361917e+01 -6.175418090545183557e-03 1.261152906742341040e-02 2.829261338660649452e-02 0.000000000000000000e+00
7.780000000000000000e+02 -5.923009553174385378e-02 9.000000000000000000e+01 2.176222899101497887e+01 1.639754532358705319e+02 -5.811523561862716805e-03 1.165518509008973795e-02 2.615151455456627555e-02 0.000000000000000000e+00
7.770000000000000000e+02 -5.296516456208317375e-02 9.000000000000000000e+01 2.774511823468304783e+01 1.554274215859023798e+02 -5.651996514797512187e-03 1.383862307897173322e-02 3.103987457643067951e-02 0.000000000000000000e+00
7.760000000000000000e+02 -5.569136175068522404e-02 9.000000000000000000e+01 2.644500748559741510e+01 1.588069680718261338e+02 -5.406933426054981277e-03 1.230756157393844176e-02 2.761551286862997528e-02 0.000000000000000000e+00
7.750000000000000000e+02 -5.396416517576145544e-02 9.000000000000000000e+01 8.332183124622787318e+00 -1.789221241229770953e+02 -4.922252655206873356e-03 1.322321135414007177e-02 2.966617001154917693e-02 0.000000000000000000e+00
7.740000000000000000e+02 -5.150626431394860621e-02 9.000000000000000000e+01 -1.863629522616690792e+00 -1.615576435883205022e+02 -4.419544755752567375e-03 1.203649913973758347e-02 2.701108218922025975e-02 0.000000000000000000e+00
7.730000000000000000e+02 -6.669695321166933810e-02 9.000000000000000000e+01 -1.204397214984260245e+01 -1.405562761060924686e+02 -3.869918832092623072e-03 1.260365208123604211e-02 2.828272844915498060e-02 0.000000000000000000e+00
7.720000000000000000e+02 -7.199984065197471972e-02 9.000000000000000000e+01 -9.492528512268762597e+00 -1.313612716154603959e+02 -3.643893376281296965e-03 1.289285303832610370e-02 2.893174329208897735e-02 0.000000000000000000e+00
7.710000000000000000e+02 -7.837002934683642841e-02 9.000000000000000000e+01 -1.153385456632827299e+01 -1.191343770141628653e+02 -3.782596120617549851e-03 1.285507740948136496e-02 2.884829958661950383e-02 0.000000000000000000e+00
7.700000000000000000e+02 -7.643938844145553579e-02 9.000000000000000000e+01 -9.280133952551665288e+00 -1.151243062444107181e+02 -4.132214111197477814e-03 1.290699080153558109e-02 2.896570076665862942e-02 0.000000000000000000e+00
7.690000000000000000e+02 -7.521758374666491498e-02 9.000000000000000000e+01 -6.380602780551413389e+00 -1.115067916325325541e+02 -4.466785845328720243e-03 1.354261903355232985e-02 3.038988403440097061e-02 0.000000000000000000e+00
7.680000000000000000e+02 -6.673728806691071880e-02 9.000000000000000000e+01 -9.227302314832286356e-02 -1.138925487031399371e+02 -4.767176520600296084e-03 1.253389779927556978e-02 2.813134379083403330e-02 0.000000000000000000e+00
7.670000000000000000e+02 -6.010077460245574765e-02 9.000000000000000000e+01 7.357742808495117970e+00 -1.170838960554014534e+02 -4.991466844045664049e-03 1.366279283699057406e-02 3.065978191910141010e-02 0.000000000000000000e+00
7.660000000000000000e+02 -5.686223940553689765e-02 9.000000000000000000e+01 1.240515164632907386e+01 6.010835407849936018e+01 5.143093419055704690e-03 1.271913034725242163e-02 2.854597358389334913e-02 0.000000000000000000e+00
7.650000000000000000e+02 -5.378011589639235951e-02 9.000000000000000000e+01 1.548861759778088754e+01 -1.199883553617410143e+02 -5.453014041429570663e-03 1.212742516669964091e-02 2.721994889719498920e-02 0.000000000000000000e+00
7.640000000000000000e+02 -4.972392367768072724e-02 9.000000000000000000e+01 2.358316725956973414e+01 5.314251096482644243e+01 5.523368903641321347e-03 1.216703839920597364e-02 2.730740877187485399e-02 0.000000000000000000e+00
7.630000000000000000e+02 -4.513056724880435550e-02 9.000000000000000000e+01 3.255709456869419682e+01 -1.360183880932481770e+02 -5.652450743641336713e-03 1.240105998266201846e-02 2.783023190151135903e-02 0.000000000000000000e+00
7.620000000000000000e+02 -4.637763591085586334e-02 9.000000000000000000e+01 4.626506292684592836e+01 -1.514861492359228237e+02 -5.357437058706756954e-03 1.288223231073550197e-02 2.890664584987703845e-02 0.000000000000000000e+00
7.610000000000000000e+02 -4.520293743476116316e-02 9.000000000000000000e+01 6.635819323993109720e+01 -1.758795507114157601e+02 -4.876228942091187860e-03 1.267634861419675643e-02 2.844543185355634732e-02 0.000000000000000000e+00
7.600000000000000000e+02 -6.184671081020069738e-02 9.000000000000000000e+01 8.825438572214147825e+01 1.570053589412513020e+02 -3.960929178758145625e-03 1.379598803897860194e-02 3.095294417503294607e-02 0.000000000000000000e+00
7.590000000000000000e+02 -6.688618077751938562e-02 9.000000000000000000e+01 1.061687130010711826e+02 1.332391835930581010e+02 -2.953189540753587035e-03 1.360397045927518554e-02 3.052835256671377825e-02 0.000000000000000000e+00
7.580000000000000000e+02 -7.060068688767918987e-02 9.000000000000000000e+01 1.137269600342746116e+02 1.216833061233669468e+02 -1.724322697198625359e-03 1.416894480787982483e-02 3.180037362867664530e-02 0.000000000000000000e+00
7.570000000000000000e+02 -7.300962564253565823e-02 9.000000000000000000e+01 1.140999328603887193e+02 1.741847373096503588e+02 -4.812218061382284831e-04 1.397596231873379953e-02 3.137695130091155971e-02 0.000000000000000000e+00
7.560000000000000000e+02 -7.918536095205723491e-02 9.000000000000000000e+01 1.112981529446098534e+02 7.771476681825498645e+01 1.568675757862272781e-03 1.356062470754216404e-02 3.045329581644645039e-02 0.000000000000000000e+00
7.550000000000000000e+02 -6.739903215506025391e-02 9.000000000000000000e+01 1.064172158169288878e+02 8.502612066550034342e+01 3.022775428237981649e-03 1.290353675719403508e-02 2.898639588288640101e-02 0.000000000000000000e+00
7.540000000000000000e+02 -6.494733838462542208e-02 9.000000000000000000e+01 1.041794665904318435e+02 8.732638795152718103e+01 4.152422460094849603e-03 1.391334162303232806e-02 3.125629839565721019e-02 0.000000000000000000e+00
7.530000000000000000e+02 -5.862833660368723526e-02 9.000000000000000000e+01 1.028486546219972979e+02 8.512153713662490873e+01 5.039558693230869815e-03 1.393631795421014508e-02 3.131183014734564146e-02 0.000000000000000000e+00
7.520000000000000000e+02 -4.673939866312000480e-02 9.000000000000000000e+01 1.038092904358949227e+02 7.916460670536253019e+01 5.643238352386814247e-03 1.374923079813905255e-02 3.089301324307494948e-02 0.000000000000000000e+00
7.510000000000000000e+02 -2.868058658454451793e-02 9.000000000000000000e+01 1.049715778283629106e+02 7.262821938869953442e+01 6.061266857704300862e-03 1.400111700949220606e-02 3.145739261195382858e-02 0.000000000000000000e+00
7.500000000000000000e+02 -1.281621796955994402e-02 9.000000000000000000e+01 1.074438422392447023e+02 6.427063030656080400e+01 6.377624122621274386e-03 1.387344140003704367e-02 3.116653656295062177e-02 0.000000000000000000e+00
7.490000000000000000e+02 1.783427582356307843e-04 9.000000000000000000e+01 1.075970490055321989e+02 5.587855909785213271e+01 6.416553475681606271e-03 1.297688981290436375e-02 2.915134953444787139e-02 0.000000000000000000e+00
7.480000000000000000e+02 7.665691951636687505e-03 9.000000000000000000e+01 1.069135923925914540e+02 4.872174646622670480e+01 5.858084952775198528e-03 1.217948647945613951e-02 2.735673893484388136e-02 0.000000000000000000e+00
7.470000000000000000e+02 -1.955329229288316640e-03 9.000000000000000000e+01 1.026795488741980762e+02 4.650847771011234499e+01 4.836610525403747286e-03 1.155001055211283927e-02 2.593834894542361783e-02 0.000000000000000000e+00
7.460000000000000000e+02 -1.841576294492339866e-02 9.000000000000000000e+01 9.724909685779743995e+01 5.353557841874601309e+01 3.440940582238177347e-03 1.297250725570246732e-02 2.911779896836252240e-02 0.000000000000000000e+00
7.450000000000000000e+02 -4.037633858558245525e-02 9.000000000000000000e+01 9.300072139036808494e+01 7.084121189788078254e+01 2.203940985034601348e-03 1.150242979859475261e-02 2.581570775345433041e-02 0.000000000000000000e+00
7.440000000000000000e+02 -6.266402038822507792e-02 9.000000000000000000e+01 -1.724286966485939274e+02 8.395709680362529070e+00 1.273513996090459670e-03 1.253263769988175423e-02 2.811645593086802009e-02 0.000000000000000000e+00
7.430000000000000000e+02 -7.448167194114153900e-02 9.000000000000000000e+01 -1.305266154526078708e+02 6.825284673720204864e+00 1.765546946726918214e-03 1.223240301482734528e-02 2.745054140352383779e-02 0.000000000000000000e+00
7.420000000000000000e+02 -8.523823223863218057e-02 9.000000000000000000e+01 -1.297918700639911549e+02 -1.608340279668352082e+02 -3.043896451027243693e-03 1.317020671359719029e-02 2.955831556003610250e-02 0.000000000000000000e+00
7.410000000000000000e+02 -8.731038576539870699e-02 9.000000000000000000e+01 -1.275026589633163212e+02 1.698662680071382169e+01 4.386136318666624886e-03 1.266142868680271427e-02 2.842585907328271794e-02 0.000000000000000000e+00
7.400000000000000000e+02 -7.621492111666251790e-02 9.000000000000000000e+01 -1.266462021732949097e+02 1.109563312727090079e+01 5.622648009477220279e-03 1.233633661155167892e-02 2.770406853809553177e-02 0.000000000000000000e+00
7.390000000000000000e+02 -6.060471199920470370e-02 9.000000000000000000e+01 -1.260801429090734018e+02 4.638040158403327951e+00 6.226911223610679356e-03 1.319141117931172356e-02 2.962726379333733770e-02 0.000000000000000000e+00
7.380000000000000000e+02 -4.807827492492730559e-02 9.000000000000000000e+01 -1.269738768745793323e+02 -3.042447848549159062e+00 6.576950277089551634e-03 1.258245444871641458e-02 2.826622970114098937e-02 0.000000000000000000e+00
7.370000000000000000e+02 -1.290514040925681838e-02 9.000000000000000000e+01 -1.293592526377001377e+02 -9.537489320093641254e+00 6.472800177866879986e-03 1.162089413267029976e-02 2.611032367956368436e-02 0.000000000000000000e+00
7.360000000000000000e+02 -8.189659864681736109e-03 9.000000000000000000e+01 -1.320835181442547537e+02 -1.798171170988675271e+01 5.970424768586873182e-03 1.294825580693566291e-02 2.909191888849090718e-02 0.000000000000000000e+00
7.350000000000000000e+02 4.119368729305040826e-03 9.000000000000000000e+01 -1.333014756698771635e+02 -2.872135513127494733e+01 5.298547214216641627e-03 1.281048042323703652e-02 2.878082746186412175e-02 0.000000000000000000e+00
7.340000000000000000e+02 -3.317190936107342059e-03 9.000000000000000000e+01 -1.317318826704377557e+02 -4.535030332491774629e+01 4.738314613452592958e-03 1.242326599666189468e-02 2.790949702589524614e-02 0.000000000000000000e+00
7.330000000000000000e+02 -1.056504146714308014e-02 9.000000000000000000e+01 -1.249136995341214629e+02 -6.571623255998095203e+01 4.202413690212116956e-03 1.286657626294293241e-02 2.890158807313631187e-02 0.000000000000000000e+00
7.320000000000000000e+02 -2.875736299598113596e-02 9.000000000000000000e+01 -1.160108691967258778e+02 -8.940354668267312377e+01 3.809333298128150021e-03 1.367065940291389316e-02 3.070397898478339008e-02 0.000000000000000000e+00
7.310000000000000000e+02 -4.133785052593477033e-02 9.000000000000000000e+01 -1.085476880220086286e+02 -1.053617724091286902e+02 3.311367237791766702e-03 1.229479419794409292e-02 2.761645378073186372e-02 0.000000000000000000e+00
7.300000000000000000e+02 -6.235939110842654565e-02 9.000000000000000000e+01 -1.026684467616570942e+02 -1.178137384534580150e+02 2.745133162540242845e-03 1.375022792206183862e-02 3.088059840591904012e-02 0.000000000000000000e+00
7.290000000000000000e+02 -6.173972080823679487e-02 9.000000000000000000e+01 -9.618932594081417164e+01 -1.296340749430631263e+02 1.931333052807899901e-03 1.184267248952176020e-02 2.660111325650679759e-02 0.000000000000000000e+00
7.280000000000000000e+02 -6.443091983055737604e-02 9.000000000000000000e+01 -8.802643642812171265e+01 4.526989039140994464e+01 -7.773541653137213282e-04 1.183960790985302824e-02 2.659229596598790615e-02 0.000000000000000000e+00
7.270000000000000000e+02 -6.231069159201484131e-02 9.000000000000000000e+01 -7.897846497598686710e+01 -9.671440798514149151e+01 -6.573082819161179483e-04 1.128706982116818580e-02 2.534967258756915670e-02 0.000000000000000000e+00
7.260000000000000000e+02 -6.745449821675963964e-02 9.000000000000000000e+01 -6.958223696331759811e+01 -1.284109233435129909e+02 -1.974968642859384772e-03 1.108656835538736687e-02 2.489671148884468541e-02 0.000000000000000000e+00
7.250000000000000000e+02 -5.988143768254825666e-02 9.000000000000000000e+01 -6.209305996027887886e+01 -1.364523080755088529e+02 -3.085917851035278794e-03 1.101533483486479871e-02 2.473401460514747588e-02 0.000000000000000000e+00
7.240000000000000000e+02 -5.138964164798013462e-02 9.000000000000000000e+01 -5.001762971285035064e+01 -1.538443206296729500e+02 -4.336994417847356807e-03 1.038758866291589200e-02 2.332407265925341699e-02 0.000000000000000000e+00
7.230000000000000000e+02 -4.560827101746946916e-02 9.000000000000000000e+01 -3.459247050449431526e+01 -1.730674895846285892e+02 -4.898143523288723752e-03 1.187903732764276389e-02 2.666793666444027336e-02 0.000000000000000000e+00
7.220000000000000000e+02 -3.867222358276312111e-02 9.000000000000000000e+01 -1.795863616404858476e+01 1.663593409445968518e+02 -5.753710968816386044e-03 9.470584535520963285e-03 2.126743633832467104e-02 0.000000000000000000e+00
7.210000000000000000e+02 -3.261530867683542362e-02 9.000000000000000000e+01 -8.937834561066267725e+00 1.531243733627125039e+02 -5.638409140784116612e-03 1.104023949165339885e-02 2.479009776964189241e-02 0.000000000000000000e+00
7.200000000000000000e+02 -2.668463044441273316e-02 9.000000000000000000e+01 2.105687872729447463e+00 1.372315270153129063e+02 -5.489346367045310794e-03 1.235281216507799068e-02 2.773447770471853049e-02 0.000000000000000000e+00
7.190000000000000000e+02 -2.959812990139110492e-02 9.000000000000000000e+01 9.424928050651971034e+00 1.211663069988055668e+02 -4.485498859085554520e-03 1.257483967021663478e-02 2.823368510065696682e-02 0.000000000000000000e+00
7.180000000000000000e+02 -2.551110780393755356e-02 9.000000000000000000e+01 1.526539135368298616e+01 1.018240311392192439e+02 -3.380189561890946121e-03 1.145764328381736717e-02 2.572951256349120114e-02 0.000000000000000000e+00
7.170000000000000000e+02 -1.596062387177660247e-02 9.000000000000000000e+01 2.049986420216055194e+01 6.400676139469726422e+01 -3.329518288369776036e-03 1.097673607949494617e-02 2.465193524172480666e-02 0.000000000000000000e+00
7.160000000000000000e+02 -3.123561722638470289e-02 9.000000000000000000e+01 2.513936637011516950e+01 -1.439641412924988799e+02 4.504090195834842790e-03 1.211479905050646608e-02 2.720659678664464828e-02 0.000000000000000000e+00
7.150000000000000000e+02 -3.329793210377237495e-02 9.000000000000000000e+01 3.049077424298687333e+01 -1.546221181149795711e+02 5.723839430135001065e-03 1.145805835756928161e-02 2.573456185126311510e-02 0.000000000000000000e+00
7.140000000000000000e+02 -3.867821251108650993e-02 9.000000000000000000e+01 3.421181087297037493e+01 -1.582556765544782138e+02 6.668123230295498576e-03 1.216024565893854270e-02 2.731061242765134983e-02 0.000000000000000000e+00
7.130000000000000000e+02 -4.900606955001698267e-02 9.000000000000000000e+01 3.513700190912555854e+01 -1.554750816464572836e+02 6.662869020580658788e-03 1.060414023498171092e-02 2.381742814486688051e-02 0.000000000000000000e+00
7.120000000000000000e+02 -4.888632474177281861e-02 9.000000000000000000e+01 3.613635476633942289e+01 -1.498480423473037035e+02 6.299180885675916865e-03 1.051771564066121024e-02 2.362167139833120863e-02 0.000000000000000000e+00
7.110000000000000000e+02 -5.829248769635261840e-02 9.000000000000000000e+01 3.745123244951997776e+01 -1.420199916813819527e+02 5.020102212693449036e-03 9.685662884525346461e-03 2.175209158350778840e-02 0.000000000000000000e+00
7.100000000000000000e+02 -6.849883808507994942e-02 9.000000000000000000e+01 4.371617562376908950e+01 -1.226923916375353656e+02 3.690896748855966754e-03 9.616815532177311679e-03 2.159555971862895871e-02 0.000000000000000000e+00
7.090000000000000000e+02 -6.788297950515037593e-02 9.000000000000000000e+01 5.694084235213921374e+01 7.878727679645777471e+01 -3.116800903302283966e-03 9.077472650325045175e-03 2.038315969337846020e-02 0.000000000000000000e+00
7.080000000000000000e+02 -7.096642293179467043e-02 9.000000000000000000e+01 8.165453996216695032e+01 7.896729354871814621e+01 -3.028861186951519683e-03 9.037291410482288165e-03 2.029136910638833918e-02 0.000000000000000000e+00
7.070000000000000000e+02 -6.863202609421707734e-02 9.000000000000000000e+01 1.075799576681876033e+02 8.502150522140186695e+01 -2.411382853100278029e-03 8.887330065625408462e-03 1.995454638554781945e-02 0.000000000000000000e+00
7.060000000000000000e+02 -6.785481602478289631e-02 9.000000000000000000e+01 1.293611314312481682e+02 9.975790587118308395e+01 -2.645539450496339155e-03 9.398397911981172179e-03 2.110115133169121471e-02 0.000000000000000000e+00
7.050000000000000000e+02 -5.824223081184231460e-02 9.000000000000000000e+01 1.387960318850276167e+02 9.998911247029008109e+01 -2.793036605909570390e-03 1.089226694181068961e-02 2.445247948038635141e-02 0.000000000000000000e+00
7.040000000000000000e+02 -4.724098522466919914e-02 9.000000000000000000e+01 1.441220796877516932e+02 7.956867634348554930e+01 -2.617599018440748462e-03 1.228027638303058611e-02 2.756493315144690689e-02 0.000000000000000000e+00
7.030000000000000000e+02 -4.411819511761324447e-02 9.000000000000000000e+01 1.470535647365347813e+02 3.256515342149000958e+01 -3.590801697935833495e-03 1.224829966230731038e-02 2.749280907412570904e-02 0.000000000000000000e+00
7.020000000000000000e+02 -3.516020529987087112e-02 9.000000000000000000e+01 1.515320227038525900e+02 1.458962854725098168e+01 -5.504369475907544551e-03 1.081139169877308459e-02 2.427232182388661119e-02 0.000000000000000000e+00
7.010000000000000000e+02 -5.411415779650515651e-02 9.000000000000000000e+01 1.628383277260027739e+02 6.158824307880678361e+00 -7.971020821116220692e-03 1.223976051042048076e-02 2.747391264029077490e-02 0.000000000000000000e+00
