    0.10000E-03    0.53680E+03
    0.10202E-03    0.54720E+03
    0.10408E-03    0.55780E+03
    0.10618E-03    0.56861E+03
    0.10833E-03    0.57963E+03
    0.11052E-03    0.59085E+03
    0.11275E-03    0.60230E+03
    0.11503E-03    0.61397E+03
    0.11735E-03    0.62586E+03
    0.11972E-03    0.63798E+03
    0.12214E-03    0.65034E+03
    0.12461E-03    0.66293E+03
    0.12712E-03    0.67577E+03
    0.12969E-03    0.68886E+03
    0.13231E-03    0.70220E+03
    0.13499E-03    0.71580E+03
    0.13771E-03    0.72966E+03
    0.14049E-03    0.74379E+03
    0.14333E-03    0.75819E+03
    0.14623E-03    0.77287E+03
    0.14918E-03    0.78783E+03
    0.15220E-03    0.80308E+03
    0.15527E-03    0.81862E+03
    0.15841E-03    0.83447E+03
    0.16161E-03    0.85062E+03
    0.16487E-03    0.86708E+03
    0.16820E-03    0.88386E+03
    0.17160E-03    0.90097E+03
    0.17507E-03    0.91840E+03
    0.17860E-03    0.93617E+03
    0.18221E-03    0.95428E+03
    0.18589E-03    0.97274E+03
    0.18965E-03    0.99156E+03
    0.19348E-03    0.10107E+04
    0.19739E-03    0.10303E+04
    0.20138E-03    0.10502E+04
    0.20544E-03    0.10705E+04
    0.20959E-03    0.10912E+04
    0.21383E-03    0.11123E+04
    0.21815E-03    0.11338E+04
    0.22255E-03    0.11557E+04
    0.22705E-03    0.11781E+04
    0.23164E-03    0.12008E+04
    0.23632E-03    0.12240E+04
    0.24109E-03    0.12477E+04
    0.24596E-03    0.12718E+04
    0.25093E-03    0.12964E+04
    0.25600E-03    0.13214E+04
    0.26117E-03    0.13469E+04
    0.26645E-03    0.13729E+04
    0.27183E-03    0.13994E+04
    0.27732E-03    0.14264E+04
    0.28292E-03    0.14539E+04
    0.28864E-03    0.14820E+04
    0.29447E-03    0.15106E+04
    0.30042E-03    0.15397E+04
    0.30649E-03    0.15694E+04
    0.31268E-03    0.15996E+04
    0.31899E-03    0.16305E+04
    0.32544E-03    0.16619E+04
    0.33201E-03    0.16939E+04
    0.33872E-03    0.17265E+04
    0.34556E-03    0.17598E+04
    0.35254E-03    0.17937E+04
    0.35966E-03    0.18282E+04
    0.36693E-03    0.18633E+04
    0.37434E-03    0.18992E+04
    0.38190E-03    0.19357E+04
    0.38962E-03    0.19729E+04
    0.39749E-03    0.20108E+04
    0.40552E-03    0.20495E+04
    0.41371E-03    0.20888E+04
    0.42207E-03    0.21289E+04
    0.43060E-03    0.21698E+04
    0.43929E-03    0.22114E+04
    0.44817E-03    0.22538E+04
    0.45722E-03    0.22970E+04
    0.46646E-03    0.23410E+04
    0.47588E-03    0.23858E+04
    0.48550E-03    0.24315E+04
    0.49530E-03    0.24780E+04
    0.50531E-03    0.25254E+04
    0.51552E-03    0.25737E+04
    0.52593E-03    0.26229E+04
    0.53656E-03    0.26730E+04
    0.54739E-03    0.27240E+04
    0.55845E-03    0.27759E+04
    0.56973E-03    0.28289E+04
    0.58124E-03    0.28828E+04
    0.59299E-03    0.29377E+04
    0.60496E-03    0.29936E+04
    0.61719E-03    0.30505E+04
    0.62965E-03    0.31085E+04
    0.64237E-03    0.31676E+04
    0.65535E-03    0.32277E+04
    0.66859E-03    0.32889E+04
    0.68210E-03    0.33513E+04
    0.69588E-03    0.34147E+04
    0.70993E-03    0.34794E+04
    0.72427E-03    0.35452E+04
    0.73891E-03    0.36122E+04
    0.75383E-03    0.36804E+04
    0.76906E-03    0.37498E+04
    0.78460E-03    0.38205E+04
    0.80045E-03    0.38924E+04
    0.81662E-03    0.39656E+04
    0.83311E-03    0.40402E+04
    0.84994E-03    0.41160E+04
    0.86711E-03    0.41932E+04
    0.88463E-03    0.42718E+04
    0.90250E-03    0.43518E+04
    0.92073E-03    0.44332E+04
    0.93933E-03    0.45160E+04
    0.95831E-03    0.46003E+04
    0.97767E-03    0.46860E+04
    0.99742E-03    0.47732E+04
    0.10176E-02    0.48620E+04
    0.10381E-02    0.49522E+04
    0.10591E-02    0.50441E+04
    0.10805E-02    0.51375E+04
    0.11023E-02    0.52325E+04
    0.11246E-02    0.53291E+04
    0.11473E-02    0.54273E+04
    0.11705E-02    0.55272E+04
    0.11941E-02    0.56288E+04
    0.12182E-02    0.57321E+04
    0.12429E-02    0.58372E+04
    0.12680E-02    0.59439E+04
    0.12936E-02    0.60525E+04
    0.13197E-02    0.61628E+04
    0.13464E-02    0.62749E+04
    0.13736E-02    0.63889E+04
    0.14013E-02    0.65047E+04
    0.14296E-02    0.66224E+04
    0.14585E-02    0.67420E+04
    0.14880E-02    0.68635E+04
    0.15180E-02    0.69870E+04
    0.15487E-02    0.71124E+04
    0.15800E-02    0.72397E+04
    0.16119E-02    0.73691E+04
    0.16445E-02    0.75004E+04
    0.16777E-02    0.76338E+04
    0.17116E-02    0.77692E+04
    0.17462E-02    0.79067E+04
    0.17814E-02    0.80462E+04
    0.18174E-02    0.81878E+04
    0.18541E-02    0.83316E+04
    0.18916E-02    0.84774E+04
    0.19298E-02    0.86253E+04
    0.19688E-02    0.87755E+04
    0.20086E-02    0.89277E+04
    0.20491E-02    0.90821E+04
    0.20905E-02    0.92387E+04
    0.21328E-02    0.93975E+04
    0.21758E-02    0.95585E+04
    0.22198E-02    0.97216E+04
    0.22646E-02    0.98871E+04
    0.23104E-02    0.10055E+05
    0.23571E-02    0.10225E+05
    0.24047E-02    0.10397E+05
    0.24533E-02    0.10571E+05
    0.25028E-02    0.10747E+05
    0.25534E-02    0.10926E+05
    0.26050E-02    0.11107E+05
    0.26576E-02    0.11290E+05
    0.27113E-02    0.11476E+05
    0.27660E-02    0.11664E+05
    0.28219E-02    0.11853E+05
    0.28789E-02    0.12045E+05
    0.29371E-02    0.12239E+05
    0.29964E-02    0.12436E+05
    0.30569E-02    0.12634E+05
    0.31187E-02    0.12835E+05
    0.31817E-02    0.13038E+05
    0.32460E-02    0.13242E+05
    0.33115E-02    0.13449E+05
    0.33784E-02    0.13658E+05
    0.34467E-02    0.13869E+05
    0.35163E-02    0.14081E+05
    0.35874E-02    0.14296E+05
    0.36598E-02    0.14513E+05
    0.37338E-02    0.14731E+05
    0.38092E-02    0.14951E+05
    0.38861E-02    0.15173E+05
    0.39646E-02    0.15397E+05
    0.40447E-02    0.15622E+05
    0.41264E-02    0.15849E+05
    0.42098E-02    0.16078E+05
    0.42948E-02    0.16308E+05
    0.43816E-02    0.16540E+05
    0.44701E-02    0.16773E+05
    0.45604E-02    0.17007E+05
    0.46525E-02    0.17242E+05
    0.47465E-02    0.17479E+05
    0.48424E-02    0.17716E+05
    0.49402E-02    0.17955E+05
    0.50400E-02    0.18194E+05
    0.51419E-02    0.18434E+05
    0.52457E-02    0.18675E+05
    0.53517E-02    0.18917E+05
    0.54598E-02    0.19158E+05
    0.55701E-02    0.19401E+05
    0.56826E-02    0.19643E+05
    0.57974E-02    0.19886E+05
    0.59145E-02    0.20128E+05
    0.60340E-02    0.20371E+05
    0.61559E-02    0.20613E+05
    0.62803E-02    0.20855E+05
    0.64072E-02    0.21096E+05
    0.65366E-02    0.21336E+05
    0.66686E-02    0.21576E+05
    0.68033E-02    0.21814E+05
    0.69408E-02    0.22052E+05
    0.70810E-02    0.22288E+05
    0.72240E-02    0.22522E+05
    0.73700E-02    0.22755E+05
    0.75189E-02    0.22985E+05
    0.76708E-02    0.23214E+05
    0.78257E-02    0.23440E+05
    0.79838E-02    0.23664E+05
    0.81451E-02    0.23885E+05
    0.83096E-02    0.24103E+05
    0.84775E-02    0.24318E+05
    0.86488E-02    0.24530E+05
    0.88235E-02    0.24738E+05
    0.90017E-02    0.24942E+05
    0.91836E-02    0.25141E+05
    0.93691E-02    0.25337E+05
    0.95583E-02    0.25528E+05
    0.97514E-02    0.25714E+05
    0.99484E-02    0.25895E+05
    0.10149E-01    0.26070E+05
    0.10354E-01    0.26240E+05
    0.10564E-01    0.26403E+05
    0.10777E-01    0.26561E+05
    0.10995E-01    0.26712E+05
    0.11217E-01    0.26856E+05
    0.11443E-01    0.26992E+05
    0.11675E-01    0.27122E+05
    0.11910E-01    0.27243E+05
    0.12151E-01    0.27357E+05
    0.12397E-01    0.27462E+05
    0.12647E-01    0.27559E+05
    0.12902E-01    0.27646E+05
    0.13163E-01    0.27724E+05
    0.13429E-01    0.27793E+05
    0.13700E-01    0.27852E+05
    0.13977E-01    0.27900E+05
    0.14259E-01    0.27939E+05
    0.14547E-01    0.27966E+05
    0.14841E-01    0.27982E+05
    0.15141E-01    0.27987E+05
    0.15447E-01    0.27980E+05
    0.15759E-01    0.27962E+05
    0.16077E-01    0.27931E+05
    0.16402E-01    0.27888E+05
    0.16734E-01    0.27833E+05
    0.17072E-01    0.27764E+05
    0.17416E-01    0.27683E+05
    0.17768E-01    0.27589E+05
    0.18127E-01    0.27481E+05
    0.18493E-01    0.27360E+05
    0.18867E-01    0.27226E+05
    0.19248E-01    0.27078E+05
    0.19637E-01    0.26917E+05
    0.20034E-01    0.26743E+05
    0.20438E-01    0.26555E+05
    0.20851E-01    0.26353E+05
    0.21272E-01    0.26139E+05
    0.21702E-01    0.25911E+05
    0.22141E-01    0.25670E+05
    0.22588E-01    0.25416E+05
    0.23044E-01    0.25149E+05
    0.23510E-01    0.24870E+05
    0.23985E-01    0.24581E+05
    0.24469E-01    0.24280E+05
    0.24964E-01    0.23969E+05
    0.25468E-01    0.23649E+05
    0.25982E-01    0.23321E+05
    0.26507E-01    0.22983E+05
    0.27043E-01    0.22637E+05
    0.27589E-01    0.22282E+05
    0.28146E-01    0.21918E+05
    0.28715E-01    0.21545E+05
    0.29295E-01    0.21164E+05
    0.29887E-01    0.20778E+05
    0.30490E-01    0.20390E+05
    0.31106E-01    0.20005E+05
    0.31735E-01    0.19624E+05
    0.32376E-01    0.19252E+05
    0.33030E-01    0.18890E+05
    0.33697E-01    0.18539E+05
    0.34378E-01    0.18196E+05
    0.35072E-01    0.17858E+05
    0.35781E-01    0.17524E+05
    0.36504E-01    0.17192E+05
    0.37241E-01    0.16858E+05
    0.37993E-01    0.16524E+05
    0.38761E-01    0.16190E+05
    0.39544E-01    0.15858E+05
    0.40343E-01    0.15528E+05
    0.41158E-01    0.15203E+05
    0.41989E-01    0.14883E+05
    0.42838E-01    0.14570E+05
    0.43703E-01    0.14266E+05
    0.44586E-01    0.13975E+05
    0.45486E-01    0.13698E+05
    0.46405E-01    0.13438E+05
    0.47343E-01    0.13196E+05
    0.48299E-01    0.12975E+05
    0.49275E-01    0.12773E+05
    0.50270E-01    0.12586E+05
    0.51286E-01    0.12411E+05
    0.52322E-01    0.12246E+05
    0.53379E-01    0.12088E+05
    0.54457E-01    0.11935E+05
    0.55557E-01    0.11785E+05
    0.56680E-01    0.11634E+05
    0.57825E-01    0.11482E+05
    0.58993E-01    0.11326E+05
    0.60184E-01    0.11163E+05
    0.61400E-01    0.10994E+05
    0.62641E-01    0.10816E+05
    0.63906E-01    0.10630E+05
    0.65197E-01    0.10437E+05
    0.66514E-01    0.10236E+05
    0.67858E-01    0.10029E+05
    0.69229E-01    0.98153E+04
    0.70627E-01    0.95941E+04
    0.72054E-01    0.93634E+04
    0.73510E-01    0.91216E+04
    0.74994E-01    0.88673E+04
    0.76509E-01    0.85999E+04
    0.78055E-01    0.83218E+04
    0.79632E-01    0.80363E+04
    0.81241E-01    0.77467E+04
    0.82882E-01    0.74557E+04
    0.84556E-01    0.71668E+04
    0.86264E-01    0.68841E+04
    0.88007E-01    0.66111E+04
    0.89785E-01    0.63511E+04
    0.91598E-01    0.61064E+04
    0.93449E-01    0.58785E+04
    0.95337E-01    0.56684E+04
    0.97263E-01    0.54770E+04
    0.99227E-01    0.53046E+04
    0.10123E+00    0.51506E+04
    0.10328E+00    0.50143E+04
    0.10536E+00    0.48951E+04
    0.10749E+00    0.47908E+04
    0.10966E+00    0.46986E+04
    0.11188E+00    0.46159E+04
    0.11414E+00    0.45393E+04
    0.11644E+00    0.44640E+04
    0.11880E+00    0.43856E+04
    0.12120E+00    0.43005E+04
    0.12365E+00    0.42064E+04
    0.12614E+00    0.41013E+04
    0.12869E+00    0.39843E+04
    0.13129E+00    0.38556E+04
    0.13394E+00    0.37158E+04
    0.13665E+00    0.35672E+04
    0.13941E+00    0.34131E+04
    0.14223E+00    0.32569E+04
    0.14510E+00    0.31034E+04
    0.14803E+00    0.29568E+04
    0.15102E+00    0.28210E+04
    0.15407E+00    0.26990E+04
    0.15718E+00    0.25928E+04
    0.16036E+00    0.25022E+04
    0.16360E+00    0.24265E+04
    0.16690E+00    0.23632E+04
    0.17028E+00    0.23090E+04
    0.17371E+00    0.22601E+04
    0.17722E+00    0.22124E+04
    0.18080E+00    0.21622E+04
    0.18446E+00    0.21061E+04
    0.18818E+00    0.20421E+04
    0.19198E+00    0.19694E+04
    0.19586E+00    0.18894E+04
    0.19982E+00    0.18050E+04
    0.20386E+00    0.17195E+04
    0.20797E+00    0.16366E+04
    0.21218E+00    0.15601E+04
    0.21646E+00    0.14923E+04
    0.22083E+00    0.14337E+04
    0.22530E+00    0.13845E+04
    0.22985E+00    0.13434E+04
    0.23449E+00    0.13067E+04
    0.23923E+00    0.12711E+04
    0.24406E+00    0.12340E+04
    0.24899E+00    0.11937E+04
    0.25402E+00    0.11489E+04
    0.25915E+00    0.11003E+04
    0.26439E+00    0.10507E+04
    0.26973E+00    0.10023E+04
    0.27518E+00    0.95718E+03
    0.28074E+00    0.91664E+03
    0.28641E+00    0.88174E+03
    0.29219E+00    0.85151E+03
    0.29810E+00    0.82361E+03
    0.30412E+00    0.79601E+03
    0.31026E+00    0.76762E+03
    0.31653E+00    0.73802E+03
    0.32292E+00    0.70698E+03
    0.32945E+00    0.67566E+03
    0.33610E+00    0.64583E+03
    0.34289E+00    0.61880E+03
    0.34982E+00    0.59440E+03
    0.35689E+00    0.57186E+03
    0.36409E+00    0.55048E+03
    0.37145E+00    0.52961E+03
    0.37895E+00    0.50870E+03
    0.38661E+00    0.48740E+03
    0.39442E+00    0.46632E+03
    0.40239E+00    0.44628E+03
    0.41052E+00    0.42783E+03
    0.41881E+00    0.41070E+03
    0.42727E+00    0.39442E+03
    0.43590E+00    0.37867E+03
    0.44471E+00    0.36338E+03
    0.45369E+00    0.34857E+03
    0.46286E+00    0.33423E+03
    0.47221E+00    0.32037E+03
    0.48174E+00    0.30697E+03
    0.49148E+00    0.29405E+03
    0.50141E+00    0.28159E+03
    0.51153E+00    0.26959E+03
    0.52187E+00    0.25805E+03
    0.53241E+00    0.24695E+03
    0.54317E+00    0.23630E+03
    0.55414E+00    0.22607E+03
    0.56533E+00    0.21625E+03
    0.57675E+00    0.20685E+03
    0.58840E+00    0.19785E+03
    0.60029E+00    0.18923E+03
    0.61242E+00    0.18099E+03
    0.62479E+00    0.17310E+03
    0.63741E+00    0.16555E+03
    0.65029E+00    0.15833E+03
    0.66342E+00    0.15142E+03
    0.67683E+00    0.14480E+03
    0.69050E+00    0.13847E+03
    0.70445E+00    0.13240E+03
    0.71868E+00    0.12660E+03
    0.73320E+00    0.12104E+03
    0.74801E+00    0.11571E+03
    0.76312E+00    0.11061E+03
    0.77854E+00    0.10573E+03
    0.79426E+00    0.10105E+03
    0.81031E+00    0.96570E+02
    0.82668E+00    0.92277E+02
    0.84338E+00    0.88166E+02
    0.86041E+00    0.84228E+02
    0.87780E+00    0.80456E+02
    0.89553E+00    0.76846E+02
    0.91362E+00    0.73389E+02
    0.93208E+00    0.70081E+02
    0.95091E+00    0.66915E+02
    0.97011E+00    0.63886E+02
    0.98971E+00    0.60989E+02
    0.10097E+01    0.58217E+02
    0.10301E+01    0.55567E+02
    0.10509E+01    0.53033E+02
    0.10721E+01    0.50610E+02
    0.10938E+01    0.48294E+02
    0.11159E+01    0.46081E+02
    0.11384E+01    0.43966E+02
    0.11614E+01    0.41946E+02
    0.11849E+01    0.40015E+02
    0.12088E+01    0.38171E+02
    0.12333E+01    0.36409E+02
    0.12582E+01    0.34727E+02
    0.12836E+01    0.33119E+02
    0.13095E+01    0.31584E+02
    0.13360E+01    0.30118E+02
    0.13630E+01    0.28718E+02
    0.13905E+01    0.27381E+02
    0.14186E+01    0.26104E+02
    0.14472E+01    0.24885E+02
    0.14765E+01    0.23721E+02
    0.15063E+01    0.22610E+02
    0.15367E+01    0.21549E+02
    0.15678E+01    0.20536E+02
    0.15994E+01    0.19570E+02
    0.16318E+01    0.18647E+02
    0.16647E+01    0.17766E+02
    0.16984E+01    0.16926E+02
    0.17327E+01    0.16124E+02
    0.17677E+01    0.15359E+02
    0.18034E+01    0.14630E+02
    0.18398E+01    0.13934E+02
    0.18770E+01    0.13271E+02
    0.19149E+01    0.12638E+02
    0.19536E+01    0.12036E+02
    0.19930E+01    0.11461E+02
    0.20333E+01    0.10914E+02
    0.20744E+01    0.10393E+02
    0.21163E+01    0.98962E+01
    0.21590E+01    0.94230E+01
    0.22026E+01    0.89724E+01
    0.22471E+01    0.85433E+01
