900.054780
900.030366
900.005952
899.981538
899.957124
899.932710
899.908296
899.883882
899.859467
899.835053
899.810639
899.786225
899.761811
899.737397
899.712983
899.688569
899.664155
899.639741
899.615327
899.590913
899.566499
899.542085
899.517671
899.493257
899.468842
899.444428
899.420014
899.395600
899.371186
899.346772
899.322358
899.297944
899.273530
899.249116
899.224702
899.200288
899.175874
899.151460
899.127046
899.102632
899.078217
899.053803
899.029389
899.004975
898.980561
898.956147
898.931733
898.907319
898.882905
898.858491
898.834077
898.809663
898.785249
898.760835
898.736421
898.712007
898.687592
898.663178
898.638764
898.614350
898.589936
898.565522
898.541108
898.516694
898.492280
898.467866
898.443452
898.419038
898.394624
898.370210
898.345796
898.321382
898.296967
898.272553
898.248139
898.223725
898.199311
898.174897
898.150483
898.126069
898.101655
898.077241
898.052827
898.028413
898.003999
897.979585
897.955171
897.930757
897.906342
897.881928
897.857514
897.833100
897.808686
897.784272
897.759858
897.735444
897.711030
897.686616
897.662202
897.637788
897.613374
897.588960
897.564546
897.540132
897.515717
897.491303
897.466889
897.442475
897.418061
897.393647
897.369233
897.344819
897.320405
897.295991
897.271577
897.247163
897.222749
897.198335
897.173921
897.149507
897.125092
897.100678
897.076264
897.051850
897.027436
897.003022
896.978608
896.954194
896.929780
896.905366
896.880952
896.856538
896.832124
896.807710
896.783296
896.758882
896.734467
896.710053
896.685639
896.661225
896.636811
896.612397
896.587983
896.563569
896.539155
896.514741
896.490327
896.465913
896.441499
896.417085
896.392671
896.368257
896.343842
896.319428
896.295014
896.270600
896.246186
896.221772
896.197358
896.172944
896.148530
896.124116
896.099702
896.075288
896.050874
896.026460
896.002046
895.977632
895.953217
895.928803
895.904389
895.879975
895.855561
895.831147
895.806733
895.782319
895.757905
895.733491
895.709077
895.684663
895.660249
895.635835
895.611421
895.587007
895.562592
895.538178
895.513764
895.489350
895.464936
895.440522
895.416108
895.391694
895.367280
895.342866
895.318452
895.294038
895.269624
895.245210
895.220796
895.196382
895.171967
895.147553
895.123139
895.098725
895.074311
895.049897
895.025483
895.001069
894.976655
894.952241
894.927827
894.903413
894.878999
894.854585
894.830171
894.805757
894.781342
894.756928
894.732514
894.708100
894.683686
894.659272
894.634858
894.610444
894.586030
894.561616
894.537202
894.512788
894.488374
894.463960
894.439546
894.415132
894.390717
894.366303
894.341889
894.317475
894.293061
894.268647
894.244233
894.219819
894.195405
894.170991
894.146577
894.122163
894.097749
894.073335
894.048921
894.024507
894.000092
893.975678
893.951264
893.926850
893.902436
893.878022
893.853608
893.829194
893.804780
893.780366
893.755952
893.731538
893.707124
893.682710
893.658296
893.633882
893.609467
893.585053
893.560639
893.536225
893.511811
893.487397
893.462983
893.438569
893.414155
893.389741
893.365327
893.340913
893.316499
893.292085
893.267671
893.243257
893.218842
893.194428
893.170014
893.145600
893.121186
893.096772
893.072358
893.047944
893.023530
892.999116
892.974702
892.950288
892.925874
892.901460
892.877046
892.852632
892.828217
892.803803
892.779389
892.754975
892.730561
892.706147
892.681733
892.657319
892.632905
892.608491
892.584077
892.559663
892.535249
892.510835
892.486421
892.462007
892.437592
892.413178
892.388764
892.364350
892.339936
892.315522
892.291108
892.266694
892.242280
892.217866
892.193452
892.169038
892.144624
892.120210
892.095796
892.071382
892.046967
892.022553
891.998139
891.973725
891.949311
891.924897
891.900483
891.876069
891.851655
891.827241
891.802827
891.778413
891.753999
891.729585
891.705171
891.680757
891.656342
891.631928
891.607514
891.583100
891.558686
891.534272
891.509858
891.485444
891.461030
891.436616
891.412202
891.387788
891.363374
891.338960
891.314546
891.290132
891.265717
891.241303
891.216889
891.192475
891.168061
891.143647
891.119233
891.094819
891.070405
891.045991
891.021577
890.997163
890.972749
890.948335
890.923921
890.899507
890.875092
890.850678
890.826264
890.801850
890.777436
890.753022
890.728608
890.704194
890.679780
890.655366
890.630952
890.606538
890.582124
890.557710
890.533296
890.508882
890.484467
890.460053
890.435639
890.411225
890.386811
890.362397
890.337983
890.313569
890.289155
890.264741
890.240327
890.215913
890.191499
890.167085
890.142671
890.118257
890.093842
890.069428
890.045014
890.020600
889.996186
889.971772
889.947358
889.922944
889.898530
889.874116
889.849702
889.825288
889.800874
889.776460
889.752046
889.727632
889.703217
889.678803
889.654389
889.629975
889.605561
889.581147
889.556733
889.532319
889.507905
889.483491
889.459077
889.434663
889.410249
889.385835
889.361421
889.337007
889.312592
889.288178
889.263764
889.239350
889.214936
889.190522
889.166108
889.141694
889.117280
889.092866
889.068452
889.044038
889.019624
888.995210
888.970796
888.946382
888.921967
888.897553
888.873139
888.848725
888.824311
888.799897
888.775483
888.751069
888.726655
888.702241
888.677827
888.653413
888.628999
888.604585
888.580171
888.555757
888.531342
888.506928
888.482514
888.458100
888.433686
888.409272
888.384858
888.360444
888.336030
888.311616
888.287202
888.262788
888.238374
888.213960
888.189546
888.165132
888.140717
888.116303
888.091889
888.067475
888.043061
888.018647
887.994233
887.969819
887.945405
887.920991
887.896577
887.872163
887.847749
887.823335
887.798921
887.774507
887.750092
887.725678
887.701264
887.676850
887.652436
887.628022
887.603608
887.579194
887.554780
887.530366
887.505952
887.481538
887.457124
887.432710
887.408296
887.383882
887.359467
887.335053
887.310639
887.286225
887.261811
887.237397
887.212983
887.188569
887.164155
887.139741
887.115327
887.090913
887.066499
887.042085
887.017671
886.993257
886.968842
886.944428
886.920014
886.895600
886.871186
886.846772
886.822358
886.797944
886.773530
886.749116
886.724702
886.700288
886.675874
886.651460
886.627046
886.602632
886.578217
886.553803
886.529389
886.504975
886.480561
886.456147
886.431733
886.407319
886.382905
886.358491
886.334077
886.309663
886.285249
886.260835
886.236421
886.212007
886.187592
886.163178
886.138764
886.114350
886.089936
886.065522
886.041108
886.016694
885.992280
885.967866
885.943452
885.919038
885.894624
885.870210
885.845796
885.821382
885.796967
885.772553
885.748139
885.723725
885.699311
885.674897
885.650483
885.626069
885.601655
885.577241
885.552827
885.528413
885.503999
885.479585
885.455171
885.430757
885.406342
885.381928
885.357514
885.333100
885.308686
885.284272
885.259858
885.235444
885.211030
885.186616
885.162202
885.137788
885.113374
885.088960
885.064546
885.040132
885.015717
884.991303
884.966889
884.942475
884.918061
884.893647
884.869233
884.844819
884.820405
884.795991
884.771577
884.747163
884.722749
884.698335
884.673921
884.649507
884.625092
884.600678
884.576264
884.551850
884.527436
884.503022
884.478608
884.454194
884.429780
884.405366
884.380952
884.356538
884.332124
884.307710
884.283296
884.258882
884.234467
884.210053
884.185639
884.161225
884.136811
884.112397
884.087983
884.063569
884.039155
884.014741
883.990327
883.965913
883.941499
883.917085
883.892671
883.868257
883.843842
883.819428
883.795014
883.770600
883.746186
883.721772
883.697358
883.672944
883.648530
883.624116
883.599702
883.575288
883.550874
883.526460
883.502046
883.477632
883.453217
883.428803
883.404389
883.379975
883.355561
883.331147
883.306733
883.282319
883.257905
883.233491
883.209077
883.184663
883.160249
883.135835
883.111421
883.087007
883.062592
883.038178
883.013764
882.989350
882.964936
882.940522
882.916108
882.891694
882.867280
882.842866
882.818452
882.794038
882.769624
882.745210
882.720796
882.696382
882.671967
882.647553
882.623139
882.598725
882.574311
882.549897
882.525483
882.501069
882.476655
882.452241
882.427827
882.403413
882.378999
882.354585
882.330171
882.305757
882.281342
882.256928
882.232514
882.208100
882.183686
882.159272
882.134858
882.110444
882.086030
882.061616
882.037202
882.012788
881.988374
881.963960
881.939546
881.915132
881.890717
881.866303
881.841889
881.817475
881.793061
881.768647
881.744233
881.719819
881.695405
881.670991
881.646577
881.622163
881.597749
881.573335
881.548921
881.524507
881.500092
881.475678
881.451264
881.426850
881.402436
881.378022
881.353608
881.329194
881.304780
881.280366
881.255952
881.231538
881.207124
881.182710
881.158296
881.133882
881.109467
881.085053
881.060639
881.036225
881.011811
880.987397
880.962983
880.938569
880.914155
880.889741
880.865327
880.840913
880.816499
880.792085
880.767671
880.743257
880.718842
880.694428
880.670014
880.645600
880.621186
880.596772
880.572358
880.547944
880.523530
880.499116
880.474702
880.450288
880.425874
880.401460
880.377046
880.352632
880.328217
880.303803
880.279389
880.254975
880.230561
880.206147
880.181733
880.157319
880.132905
880.108491
880.084077
880.059663
880.035249
880.010835
879.986421
879.962007
879.937592
879.913178
879.888764
879.864350
879.839936
879.815522
879.791108
879.766694
879.742280
879.717866
879.693452
879.669038
879.644624
879.620210
879.595796
879.571382
879.546967
879.522553
879.498139
879.473725
879.449311
879.424897
879.400483
879.376069
879.351655
879.327241
879.302827
879.278413
879.253999
879.229585
879.205171
879.180757
879.156342
879.131928
879.107514
879.083100
879.058686
879.034272
879.009858
878.985444
878.961030
878.936616
878.912202
878.887788
878.863374
878.838960
878.814546
878.790132
878.765717
878.741303
878.716889
878.692475
878.668061
878.643647
878.619233
878.594819
878.570405
878.545991
878.521577
878.497163
878.472749
878.448335
878.423921
878.399507
878.375092
878.350678
878.326264
878.301850
878.277436
878.253022
878.228608
878.204194
878.179780
878.155366
878.130952
878.106538
878.082124
878.057710
878.033296
878.008882
877.984467
877.960053
877.935639
877.911225
877.886811
877.862397
877.837983
877.813569
877.789155
877.764741
877.740327
877.715913
877.691499
877.667085
877.642671
877.618257
877.593842
877.569428
877.545014
877.520600
877.496186
877.471772
877.447358
877.422944
877.398530
877.374116
877.349702
877.325288
877.300874
877.276460
877.252046
877.227632
877.203217
877.178803
877.154389
877.129975
877.105561
877.081147
877.056733
877.032319
877.007905
876.983491
876.959077
876.934663
876.910249
876.885835
876.861421
876.837007
876.812592
876.788178
876.763764
876.739350
876.714936
876.690522
876.666108
876.641694
876.617280
876.592866
876.568452
876.544038
876.519624
876.495210
876.470796
876.446382
876.421967
876.397553
876.373139
876.348725
876.324311
876.299897
876.275483
876.251069
876.226655
876.202241
876.177827
876.153413
876.128999
876.104585
876.080171
876.055757
876.031342
876.006928
875.982514
875.958100
875.933686
875.909272
875.884858
875.860444
875.836030
875.811616
875.787202
875.762788
875.738374
875.713960
875.689546
875.665132
875.640717
875.616303
875.591889
875.567475
875.543061
875.518647
875.494233
875.469819
875.445405
875.420991
875.396577
875.372163
875.347749
875.323335
875.298921
875.274507
875.250092
875.225678
875.201264
875.176850
875.152436
875.128022
875.103608
875.079194
875.054780
875.030366
875.005952
874.981538
874.957124
874.932710
874.908296
874.883882
874.859467
874.835053
874.810639
874.786225
874.761811
874.737397
874.712983
874.688569
874.664155
874.639741
874.615327
874.590913
874.566499
874.542085
874.517671
874.493257
874.468842
874.444428
874.420014
874.395600
874.371186
874.346772
874.322358
874.297944
874.273530
874.249116
874.224702
874.200288
874.175874
874.151460
874.127046
874.102632
874.078217
874.053803
874.029389
874.004975
873.980561
873.956147
873.931733
873.907319
873.882905
873.858491
873.834077
873.809663
873.785249
873.760835
873.736421
873.712007
873.687592
873.663178
873.638764
873.614350
873.589936
873.565522
873.541108
873.516694
873.492280
873.467866
873.443452
873.419038
873.394624
873.370210
873.345796
873.321382
873.296967
873.272553
873.248139
873.223725
873.199311
873.174897
873.150483
873.126069
873.101655
873.077241
873.052827
873.028413
873.003999
872.979585
872.955171
872.930757
872.906342
872.881928
872.857514
872.833100
872.808686
872.784272
872.759858
872.735444
872.711030
872.686616
872.662202
872.637788
872.613374
872.588960
872.564546
872.540132
872.515717
872.491303
872.466889
872.442475
872.418061
872.393647
872.369233
872.344819
872.320405
872.295991
872.271577
872.247163
872.222749
872.198335
872.173921
872.149507
872.125092
872.100678
872.076264
872.051850
872.027436
872.003022
871.978608
871.954194
871.929780
871.905366
871.880952
871.856538
871.832124
871.807710
871.783296
871.758882
871.734467
871.710053
871.685639
871.661225
871.636811
871.612397
871.587983
871.563569
871.539155
871.514741
871.490327
871.465913
871.441499
871.417085
871.392671
871.368257
871.343842
871.319428
871.295014
871.270600
871.246186
871.221772
871.197358
871.172944
871.148530
871.124116
871.099702
871.075288
871.050874
871.026460
871.002046
870.977632
870.953217
870.928803
870.904389
870.879975
870.855561
870.831147
870.806733
870.782319
870.757905
870.733491
870.709077
870.684663
870.660249
870.635835
870.611421
870.587007
870.562592
870.538178
870.513764
870.489350
870.464936
870.440522
870.416108
870.391694
870.367280
870.342866
870.318452
870.294038
870.269624
870.245210
870.220796
870.196382
870.171967
870.147553
870.123139
870.098725
870.074311
870.049897
870.025483
870.001069
869.976655
869.952241
869.927827
869.903413
869.878999
869.854585
869.830171
869.805757
869.781342
869.756928
869.732514
869.708100
869.683686
869.659272
869.634858
869.610444
869.586030
869.561616
869.537202
869.512788
869.488374
869.463960
869.439546
869.415132
869.390717
869.366303
869.341889
869.317475
869.293061
869.268647
869.244233
869.219819
869.195405
869.170991
869.146577
869.122163
869.097749
869.073335
869.048921
869.024507
869.000092
868.975678
868.951264
868.926850
868.902436
868.878022
868.853608
868.829194
868.804780
868.780366
868.755952
868.731538
868.707124
868.682710
868.658296
868.633882
868.609467
868.585053
868.560639
868.536225
868.511811
868.487397
868.462983
868.438569
868.414155
868.389741
868.365327
868.340913
868.316499
868.292085
868.267671
868.243257
868.218842
868.194428
868.170014
868.145600
868.121186
868.096772
868.072358
868.047944
868.023530
867.999116
867.974702
867.950288
867.925874
867.901460
867.877046
867.852632
867.828217
867.803803
867.779389
867.754975
867.730561
867.706147
867.681733
867.657319
867.632905
867.608491
867.584077
867.559663
867.535249
867.510835
867.486421
867.462007
867.437592
867.413178
867.388764
867.364350
867.339936
867.315522
867.291108
867.266694
867.242280
867.217866
867.193452
867.169038
867.144624
867.120210
867.095796
867.071382
867.046967
867.022553
866.998139
866.973725
866.949311
866.924897
866.900483
866.876069
866.851655
866.827241
866.802827
866.778413
866.753999
866.729585
866.705171
866.680757
866.656342
866.631928
866.607514
866.583100
866.558686
866.534272
866.509858
866.485444
866.461030
866.436616
866.412202
866.387788
866.363374
866.338960
866.314546
866.290132
866.265717
866.241303
866.216889
866.192475
866.168061
866.143647
866.119233
866.094819
866.070405
866.045991
866.021577
865.997163
865.972749
865.948335
865.923921
865.899507
865.875092
865.850678
865.826264
865.801850
865.777436
865.753022
865.728608
865.704194
865.679780
865.655366
865.630952
865.606538
865.582124
865.557710
865.533296
865.508882
865.484467
865.460053
865.435639
865.411225
865.386811
865.362397
865.337983
865.313569
865.289155
865.264741
865.240327
865.215913
865.191499
865.167085
865.142671
865.118257
865.093842
865.069428
865.045014
865.020600
864.996186
864.971772
864.947358
864.922944
864.898530
864.874116
864.849702
864.825288
864.800874
864.776460
864.752046
864.727632
864.703217
864.678803
864.654389
864.629975
864.605561
864.581147
864.556733
864.532319
864.507905
864.483491
864.459077
864.434663
864.410249
864.385835
864.361421
864.337007
864.312592
864.288178
864.263764
864.239350
864.214936
864.190522
864.166108
864.141694
864.117280
864.092866
864.068452
864.044038
864.019624
863.995210
863.970796
863.946382
863.921967
863.897553
863.873139
863.848725
863.824311
863.799897
863.775483
863.751069
863.726655
863.702241
863.677827
863.653413
863.628999
863.604585
863.580171
863.555757
863.531342
863.506928
863.482514
863.458100
863.433686
863.409272
863.384858
863.360444
863.336030
863.311616
863.287202
863.262788
863.238374
863.213960
863.189546
863.165132
863.140717
863.116303
863.091889
863.067475
863.043061
863.018647
862.994233
862.969819
862.945405
862.920991
862.896577
862.872163
862.847749
862.823335
862.798921
862.774507
862.750092
862.725678
862.701264
862.676850
862.652436
862.628022
862.603608
862.579194
862.554780
862.530366
862.505952
862.481538
862.457124
862.432710
862.408296
862.383882
862.359467
862.335053
862.310639
862.286225
862.261811
862.237397
862.212983
862.188569
862.164155
862.139741
862.115327
862.090913
862.066499
862.042085
862.017671
861.993257
861.968842
861.944428
861.920014
861.895600
861.871186
861.846772
861.822358
861.797944
861.773530
861.749116
861.724702
861.700288
861.675874
861.651460
861.627046
861.602632
861.578217
861.553803
861.529389
861.504975
861.480561
861.456147
861.431733
861.407319
861.382905
861.358491
861.334077
861.309663
861.285249
861.260835
861.236421
861.212007
861.187592
861.163178
861.138764
861.114350
861.089936
861.065522
861.041108
861.016694
860.992280
860.967866
860.943452
860.919038
860.894624
860.870210
860.845796
860.821382
860.796967
860.772553
860.748139
860.723725
860.699311
860.674897
860.650483
860.626069
860.601655
860.577241
860.552827
860.528413
860.503999
860.479585
860.455171
860.430757
860.406342
860.381928
860.357514
860.333100
860.308686
860.284272
860.259858
860.235444
860.211030
860.186616
860.162202
860.137788
860.113374
860.088960
860.064546
860.040132
860.015717
859.991303
859.966889
859.942475
859.918061
859.893647
859.869233
859.844819
859.820405
859.795991
859.771577
859.747163
859.722749
859.698335
859.673921
859.649507
859.625092
859.600678
859.576264
859.551850
859.527436
859.503022
859.478608
859.454194
859.429780
859.405366
859.380952
859.356538
859.332124
859.307710
859.283296
859.258882
859.234467
859.210053
859.185639
859.161225
859.136811
859.112397
859.087983
859.063569
859.039155
859.014741
858.990327
858.965913
858.941499
858.917085
858.892671
858.868257
858.843842
858.819428
858.795014
858.770600
858.746186
858.721772
858.697358
858.672944
858.648530
858.624116
858.599702
858.575288
858.550874
858.526460
858.502046
858.477632
858.453217
858.428803
858.404389
858.379975
858.355561
858.331147
858.306733
858.282319
858.257905
858.233491
858.209077
858.184663
858.160249
858.135835
858.111421
858.087007
858.062592
858.038178
858.013764
857.989350
857.964936
857.940522
857.916108
857.891694
857.867280
857.842866
857.818452
857.794038
857.769624
857.745210
857.720796
857.696382
857.671967
857.647553
857.623139
857.598725
857.574311
857.549897
857.525483
857.501069
857.476655
857.452241
857.427827
857.403413
857.378999
857.354585
857.330171
857.305757
857.281342
857.256928
857.232514
857.208100
857.183686
857.159272
857.134858
857.110444
857.086030
857.061616
857.037202
857.012788
856.988374
856.963960
856.939546
856.915132
856.890717
856.866303
856.841889
856.817475
856.793061
856.768647
856.744233
856.719819
856.695405
856.670991
856.646577
856.622163
856.597749
856.573335
856.548921
856.524507
856.500092
856.475678
856.451264
856.426850
856.402436
856.378022
856.353608
856.329194
856.304780
856.280366
856.255952
856.231538
856.207124
856.182710
856.158296
856.133882
856.109467
856.085053
856.060639
856.036225
856.011811
855.987397
855.962983
855.938569
855.914155
855.889741
855.865327
855.840913
855.816499
855.792085
855.767671
855.743257
855.718842
855.694428
855.670014
855.645600
855.621186
855.596772
855.572358
855.547944
855.523530
855.499116
855.474702
855.450288
855.425874
855.401460
855.377046
855.352632
855.328217
855.303803
855.279389
855.254975
855.230561
855.206147
855.181733
855.157319
855.132905
855.108491
855.084077
855.059663
855.035249
855.010835
854.986421
854.962007
854.937592
854.913178
854.888764
854.864350
854.839936
854.815522
854.791108
854.766694
854.742280
854.717866
854.693452
854.669038
854.644624
854.620210
854.595796
854.571382
854.546967
854.522553
854.498139
854.473725
854.449311
854.424897
854.400483
854.376069
854.351655
854.327241
854.302827
854.278413
854.253999
854.229585
854.205171
854.180757
854.156342
854.131928
854.107514
854.083100
854.058686
854.034272
854.009858
853.985444
853.961030
853.936616
853.912202
853.887788
853.863374
853.838960
853.814546
853.790132
853.765717
853.741303
853.716889
853.692475
853.668061
853.643647
853.619233
853.594819
853.570405
853.545991
853.521577
853.497163
853.472749
853.448335
853.423921
853.399507
853.375092
853.350678
853.326264
853.301850
853.277436
853.253022
853.228608
853.204194
853.179780
853.155366
853.130952
853.106538
853.082124
853.057710
853.033296
853.008882
852.984467
852.960053
852.935639
852.911225
852.886811
852.862397
852.837983
852.813569
852.789155
852.764741
852.740327
852.715913
852.691499
852.667085
852.642671
852.618257
852.593842
852.569428
852.545014
852.520600
852.496186
852.471772
852.447358
852.422944
852.398530
852.374116
852.349702
852.325288
852.300874
852.276460
852.252046
852.227632
852.203217
852.178803
852.154389
852.129975
852.105561
852.081147
852.056733
852.032319
852.007905
851.983491
851.959077
851.934663
851.910249
851.885835
851.861421
851.837007
851.812592
851.788178
851.763764
851.739350
851.714936
851.690522
851.666108
851.641694
851.617280
851.592866
851.568452
851.544038
851.519624
851.495210
851.470796
851.446382
851.421967
851.397553
851.373139
851.348725
851.324311
851.299897
851.275483
851.251069
851.226655
851.202241
851.177827
851.153413
851.128999
851.104585
851.080171
851.055757
851.031342
851.006928
850.982514
850.958100
850.933686
850.909272
850.884858
850.860444
850.836030
850.811616
850.787202
850.762788
850.738374
850.713960
850.689546
850.665132
850.640717
850.616303
850.591889
850.567475
850.543061
850.518647
850.494233
850.469819
850.445405
850.420991
850.396577
850.372163
850.347749
850.323335
850.298921
850.274507
850.250092
850.225678
850.201264
850.176850
850.152436
850.128022
850.103608
850.079194
