900.054780
900.054780
900.042573
900.030366
900.018159
900.005952
899.993745
899.981538
899.969331
899.957124
899.944917
899.932710
899.920503
899.908296
899.896089
899.883882
899.871674
899.859467
899.847260
899.835053
899.822846
899.810639
899.798432
899.786225
899.774018
899.761811
899.749604
899.737397
899.725190
899.712983
899.700776
899.688569
899.676362
899.664155
899.651948
899.639741
899.627534
899.615327
899.603120
899.590913
899.578706
899.566499
899.554292
899.542085
899.529878
899.517671
899.505464
899.493257
899.481049
899.468842
899.456635
899.444428
899.432221
899.420014
899.407807
899.395600
899.383393
899.371186
899.358979
899.346772
899.334565
899.322358
899.310151
899.297944
899.285737
899.273530
899.261323
899.249116
899.236909
899.224702
899.212495
899.200288
899.188081
899.175874
899.163667
899.151460
899.139253
899.127046
899.114839
899.102632
899.090424
899.078217
899.066010
899.053803
899.041596
899.029389
899.017182
899.004975
898.992768
898.980561
898.968354
898.956147
898.943940
898.931733
898.919526
898.907319
898.895112
898.882905
898.870698
898.858491
898.846284
898.834077
898.821870
898.809663
898.797456
898.785249
898.773042
898.760835
898.748628
898.736421
898.724214
898.712007
898.699799
898.687592
898.675385
898.663178
898.650971
898.638764
898.626557
898.614350
898.602143
898.589936
898.577729
898.565522
898.553315
898.541108
898.528901
898.516694
898.504487
898.492280
898.480073
898.467866
898.455659
898.443452
898.431245
898.419038
898.406831
898.394624
898.382417
898.370210
898.358003
898.345796
898.333589
898.321382
898.309174
898.296967
898.284760
898.272553
898.260346
898.248139
898.235932
898.223725
898.211518
898.199311
898.187104
898.174897
898.162690
898.150483
898.138276
898.126069
898.113862
898.101655
898.089448
898.077241
898.065034
898.052827
898.040620
898.028413
898.016206
898.003999
897.991792
897.979585
897.967378
897.955171
897.942964
897.930757
897.918549
897.906342
897.894135
897.881928
897.869721
897.857514
897.845307
897.833100
897.820893
897.808686
897.796479
897.784272
897.772065
897.759858
897.747651
897.735444
897.723237
897.711030
897.698823
897.686616
897.674409
897.662202
897.649995
897.637788
897.625581
897.613374
897.601167
897.588960
897.576753
897.564546
897.552339
897.540132
897.527924
897.515717
897.503510
897.491303
897.479096
897.466889
897.454682
897.442475
897.430268
897.418061
897.405854
897.393647
897.381440
897.369233
897.357026
897.344819
897.332612
897.320405
897.308198
897.295991
897.283784
897.271577
897.259370
897.247163
897.234956
897.222749
897.210542
897.198335
897.186128
897.173921
897.161714
897.149507
897.137299
897.125092
897.112885
897.100678
897.088471
897.076264
897.064057
897.051850
897.039643
897.027436
897.015229
897.003022
896.990815
896.978608
896.966401
896.954194
896.941987
896.929780
896.917573
896.905366
896.893159
896.880952
896.868745
896.856538
896.844331
896.832124
896.819917
896.807710
896.795503
896.783296
896.771089
896.758882
896.746674
896.734467
896.722260
896.710053
896.697846
896.685639
896.673432
896.661225
896.649018
896.636811
896.624604
896.612397
896.600190
896.587983
896.575776
896.563569
896.551362
896.539155
896.526948
896.514741
896.502534
896.490327
896.478120
896.465913
896.453706
896.441499
896.429292
896.417085
896.404878
896.392671
896.380464
896.368257
896.356049
896.343842
896.331635
896.319428
896.307221
896.295014
896.282807
896.270600
896.258393
896.246186
896.233979
896.221772
896.209565
896.197358
896.185151
896.172944
896.160737
896.148530
896.136323
896.124116
896.111909
896.099702
896.087495
896.075288
896.063081
896.050874
896.038667
896.026460
896.014253
896.002046
895.989839
895.977632
895.965424
895.953217
895.941010
895.928803
895.916596
895.904389
895.892182
895.879975
895.867768
895.855561
895.843354
895.831147
895.818940
895.806733
895.794526
895.782319
895.770112
895.757905
895.745698
895.733491
895.721284
895.709077
895.696870
895.684663
895.672456
895.660249
895.648042
895.635835
895.623628
895.611421
895.599214
895.587007
895.574799
895.562592
895.550385
895.538178
895.525971
895.513764
895.501557
895.489350
895.477143
895.464936
895.452729
895.440522
895.428315
895.416108
895.403901
895.391694
895.379487
895.367280
895.355073
895.342866
895.330659
895.318452
895.306245
895.294038
895.281831
895.269624
895.257417
895.245210
895.233003
895.220796
895.208589
895.196382
895.184174
895.171967
895.159760
895.147553
895.135346
895.123139
895.110932
895.098725
895.086518
895.074311
895.062104
895.049897
895.037690
895.025483
895.013276
895.001069
894.988862
894.976655
894.964448
894.952241
894.940034
894.927827
894.915620
894.903413
894.891206
894.878999
894.866792
894.854585
894.842378
894.830171
894.817964
894.805757
894.793549
894.781342
894.769135
894.756928
894.744721
894.732514
894.720307
894.708100
894.695893
894.683686
894.671479
894.659272
894.647065
894.634858
894.622651
894.610444
894.598237
894.586030
894.573823
894.561616
894.549409
894.537202
894.524995
894.512788
894.500581
894.488374
894.476167
894.463960
894.451753
894.439546
894.427339
894.415132
894.402924
894.390717
894.378510
894.366303
894.354096
894.341889
894.329682
894.317475
894.305268
894.293061
894.280854
894.268647
894.256440
894.244233
894.232026
894.219819
894.207612
894.195405
894.183198
894.170991
894.158784
894.146577
894.134370
894.122163
894.109956
894.097749
894.085542
894.073335
894.061128
894.048921
894.036714
894.024507
894.012299
894.000092
893.987885
893.975678
893.963471
893.951264
893.939057
893.926850
893.914643
893.902436
893.890229
893.878022
893.865815
893.853608
893.841401
893.829194
893.816987
893.804780
893.792573
893.780366
893.768159
893.755952
893.743745
893.731538
893.719331
893.707124
893.694917
893.682710
893.670503
893.658296
893.646089
893.633882
893.621674
893.609467
893.597260
893.585053
893.572846
893.560639
893.548432
893.536225
893.524018
893.511811
893.499604
893.487397
893.475190
893.462983
893.450776
893.438569
893.426362
893.414155
893.401948
893.389741
893.377534
893.365327
893.353120
893.340913
893.328706
893.316499
893.304292
893.292085
893.279878
893.267671
893.255464
893.243257
893.231049
893.218842
893.206635
893.194428
893.182221
893.170014
893.157807
893.145600
893.133393
893.121186
893.108979
893.096772
893.084565
893.072358
893.060151
893.047944
893.035737
893.023530
893.011323
892.999116
892.986909
892.974702
892.962495
892.950288
892.938081
892.925874
892.913667
892.901460
892.889253
892.877046
892.864839
892.852632
892.840424
892.828217
892.816010
892.803803
892.791596
892.779389
892.767182
892.754975
892.742768
892.730561
892.718354
892.706147
892.693940
892.681733
892.669526
892.657319
892.645112
892.632905
892.620698
892.608491
892.596284
892.584077
892.571870
892.559663
892.547456
892.535249
892.523042
892.510835
892.498628
892.486421
892.474214
892.462007
892.449799
892.437592
892.425385
892.413178
892.400971
892.388764
892.376557
892.364350
892.352143
892.339936
892.327729
892.315522
892.303315
892.291108
892.278901
892.266694
892.254487
892.242280
892.230073
892.217866
892.205659
892.193452
892.181245
892.169038
892.156831
892.144624
892.132417
892.120210
892.108003
892.095796
892.083589
892.071382
892.059174
892.046967
892.034760
892.022553
892.010346
891.998139
891.985932
891.973725
891.961518
891.949311
891.937104
891.924897
891.912690
891.900483
891.888276
891.876069
891.863862
891.851655
891.839448
891.827241
891.815034
891.802827
891.790620
891.778413
891.766206
891.753999
891.741792
891.729585
891.717378
891.705171
891.692964
891.680757
891.668549
891.656342
891.644135
891.631928
891.619721
891.607514
891.595307
891.583100
891.570893
891.558686
891.546479
891.534272
891.522065
891.509858
891.497651
891.485444
891.473237
891.461030
891.448823
891.436616
891.424409
891.412202
891.399995
891.387788
891.375581
891.363374
891.351167
891.338960
891.326753
891.314546
891.302339
891.290132
891.277924
891.265717
891.253510
891.241303
891.229096
891.216889
891.204682
891.192475
891.180268
891.168061
891.155854
891.143647
891.131440
891.119233
891.107026
891.094819
891.082612
891.070405
891.058198
891.045991
891.033784
891.021577
891.009370
890.997163
890.984956
890.972749
890.960542
890.948335
890.936128
890.923921
890.911714
890.899507
890.887299
890.875092
890.862885
890.850678
890.838471
890.826264
890.814057
890.801850
890.789643
890.777436
890.765229
890.753022
890.740815
890.728608
890.716401
890.704194
890.691987
890.679780
890.667573
890.655366
890.643159
890.630952
890.618745
890.606538
890.594331
890.582124
890.569917
890.557710
890.545503
890.533296
890.521089
890.508882
890.496674
890.484467
890.472260
890.460053
890.447846
890.435639
890.423432
890.411225
890.399018
890.386811
890.374604
890.362397
890.350190
890.337983
890.325776
890.313569
890.301362
890.289155
890.276948
890.264741
890.252534
890.240327
890.228120
890.215913
890.203706
890.191499
890.179292
890.167085
890.154878
890.142671
890.130464
890.118257
890.106049
890.093842
890.081635
890.069428
890.057221
890.045014
890.032807
890.020600
890.008393
889.996186
889.983979
889.971772
889.959565
889.947358
889.935151
889.922944
889.910737
889.898530
889.886323
889.874116
889.861909
889.849702
889.837495
889.825288
889.813081
889.800874
889.788667
889.776460
889.764253
889.752046
889.739839
889.727632
889.715424
889.703217
889.691010
889.678803
889.666596
889.654389
889.642182
889.629975
889.617768
889.605561
889.593354
889.581147
889.568940
889.556733
889.544526
889.532319
889.520112
889.507905
889.495698
889.483491
889.471284
889.459077
889.446870
889.434663
889.422456
889.410249
889.398042
889.385835
889.373628
889.361421
889.349214
889.337007
889.324799
889.312592
889.300385
889.288178
889.275971
889.263764
889.251557
889.239350
889.227143
889.214936
889.202729
889.190522
889.178315
889.166108
889.153901
889.141694
889.129487
889.117280
889.105073
889.092866
889.080659
889.068452
889.056245
889.044038
889.031831
889.019624
889.007417
888.995210
888.983003
888.970796
888.958589
888.946382
888.934174
888.921967
888.909760
888.897553
888.885346
888.873139
888.860932
888.848725
888.836518
888.824311
888.812104
888.799897
888.787690
888.775483
888.763276
888.751069
888.738862
888.726655
888.714448
888.702241
888.690034
888.677827
888.665620
888.653413
888.641206
888.628999
888.616792
888.604585
888.592378
888.580171
888.567964
888.555757
888.543549
888.531342
888.519135
888.506928
888.494721
888.482514
888.470307
888.458100
888.445893
888.433686
888.421479
888.409272
888.397065
888.384858
888.372651
888.360444
888.348237
888.336030
888.323823
888.311616
888.299409
888.287202
888.274995
888.262788
888.250581
888.238374
888.226167
888.213960
888.201753
888.189546
888.177339
888.165132
888.152924
888.140717
888.128510
888.116303
888.104096
888.091889
888.079682
888.067475
888.055268
888.043061
888.030854
888.018647
888.006440
887.994233
887.982026
887.969819
887.957612
887.945405
887.933198
887.920991
887.908784
887.896577
887.884370
887.872163
887.859956
887.847749
887.835542
887.823335
887.811128
887.798921
887.786714
887.774507
887.762299
887.750092
887.737885
887.725678
887.713471
887.701264
887.689057
887.676850
887.664643
887.652436
887.640229
887.628022
887.615815
887.603608
887.591401
887.579194
887.566987
887.554780
887.542573
887.530366
887.518159
887.505952
887.493745
887.481538
887.469331
887.457124
887.444917
887.432710
887.420503
887.408296
887.396089
887.383882
887.371674
887.359467
887.347260
887.335053
887.322846
887.310639
887.298432
887.286225
887.274018
887.261811
887.249604
887.237397
887.225190
887.212983
887.200776
887.188569
887.176362
887.164155
887.151948
887.139741
887.127534
887.115327
887.103120
887.090913
887.078706
887.066499
887.054292
887.042085
887.029878
887.017671
887.005464
886.993257
886.981049
886.968842
886.956635
886.944428
886.932221
886.920014
886.907807
886.895600
886.883393
886.871186
886.858979
886.846772
886.834565
886.822358
886.810151
886.797944
886.785737
886.773530
886.761323
886.749116
886.736909
886.724702
886.712495
886.700288
886.688081
886.675874
886.663667
886.651460
886.639253
886.627046
886.614839
886.602632
886.590424
886.578217
886.566010
886.553803
886.541596
886.529389
886.517182
886.504975
886.492768
886.480561
886.468354
886.456147
886.443940
886.431733
886.419526
886.407319
886.395112
886.382905
886.370698
886.358491
886.346284
886.334077
886.321870
886.309663
886.297456
886.285249
886.273042
886.260835
886.248628
886.236421
886.224214
886.212007
886.199799
886.187592
886.175385
886.163178
886.150971
886.138764
886.126557
886.114350
886.102143
886.089936
886.077729
886.065522
886.053315
886.041108
886.028901
886.016694
886.004487
885.992280
885.980073
885.967866
885.955659
885.943452
885.931245
885.919038
885.906831
885.894624
885.882417
885.870210
885.858003
885.845796
885.833589
885.821382
885.809174
885.796967
885.784760
885.772553
885.760346
885.748139
885.735932
885.723725
885.711518
885.699311
885.687104
885.674897
885.662690
885.650483
885.638276
885.626069
885.613862
885.601655
885.589448
885.577241
885.565034
885.552827
885.540620
885.528413
885.516206
885.503999
885.491792
885.479585
885.467378
885.455171
885.442964
885.430757
885.418549
885.406342
885.394135
885.381928
885.369721
885.357514
885.345307
885.333100
885.320893
885.308686
885.296479
885.284272
885.272065
885.259858
885.247651
885.235444
885.223237
885.211030
885.198823
885.186616
885.174409
885.162202
885.149995
885.137788
885.125581
885.113374
885.101167
885.088960
885.076753
885.064546
885.052339
885.040132
885.027924
885.015717
885.003510
884.991303
884.979096
884.966889
884.954682
884.942475
884.930268
884.918061
884.905854
884.893647
884.881440
884.869233
884.857026
884.844819
884.832612
884.820405
884.808198
884.795991
884.783784
884.771577
884.759370
884.747163
884.734956
884.722749
884.710542
884.698335
884.686128
884.673921
884.661714
884.649507
884.637299
884.625092
884.612885
884.600678
884.588471
884.576264
884.564057
884.551850
884.539643
884.527436
884.515229
884.503022
884.490815
884.478608
884.466401
884.454194
884.441987
884.429780
884.417573
884.405366
884.393159
884.380952
884.368745
884.356538
884.344331
884.332124
884.319917
884.307710
884.295503
884.283296
884.271089
884.258882
884.246674
884.234467
884.222260
884.210053
884.197846
884.185639
884.173432
884.161225
884.149018
884.136811
884.124604
884.112397
884.100190
884.087983
884.075776
884.063569
884.051362
884.039155
884.026948
884.014741
884.002534
883.990327
883.978120
883.965913
883.953706
883.941499
883.929292
883.917085
883.904878
883.892671
883.880464
883.868257
883.856049
883.843842
883.831635
883.819428
883.807221
883.795014
883.782807
883.770600
883.758393
883.746186
883.733979
883.721772
883.709565
883.697358
883.685151
883.672944
883.660737
883.648530
883.636323
883.624116
883.611909
883.599702
883.587495
883.575288
883.563081
883.550874
883.538667
883.526460
883.514253
883.502046
883.489839
883.477632
883.465424
883.453217
883.441010
883.428803
883.416596
883.404389
883.392182
883.379975
883.367768
883.355561
883.343354
883.331147
883.318940
883.306733
883.294526
883.282319
883.270112
883.257905
883.245698
883.233491
883.221284
883.209077
883.196870
883.184663
883.172456
883.160249
883.148042
883.135835
883.123628
883.111421
883.099214
883.087007
883.074799
883.062592
883.050385
883.038178
883.025971
883.013764
883.001557
882.989350
882.977143
882.964936
882.952729
882.940522
882.928315
882.916108
882.903901
882.891694
882.879487
882.867280
882.855073
882.842866
882.830659
882.818452
882.806245
882.794038
882.781831
882.769624
882.757417
882.745210
882.733003
882.720796
882.708589
882.696382
882.684174
882.671967
882.659760
882.647553
882.635346
882.623139
882.610932
882.598725
882.586518
882.574311
882.562104
882.549897
882.537690
882.525483
882.513276
882.501069
882.488862
882.476655
882.464448
882.452241
882.440034
882.427827
882.415620
882.403413
882.391206
882.378999
882.366792
882.354585
882.342378
882.330171
882.317964
882.305757
882.293549
882.281342
882.269135
882.256928
882.244721
882.232514
882.220307
882.208100
882.195893
882.183686
882.171479
882.159272
882.147065
882.134858
882.122651
882.110444
882.098237
882.086030
882.073823
882.061616
882.049409
882.037202
882.024995
882.012788
882.000581
881.988374
881.976167
881.963960
881.951753
881.939546
881.927339
881.915132
881.902924
881.890717
881.878510
881.866303
881.854096
881.841889
881.829682
881.817475
881.805268
881.793061
881.780854
881.768647
881.756440
881.744233
881.732026
881.719819
881.707612
881.695405
881.683198
881.670991
881.658784
881.646577
881.634370
881.622163
881.609956
881.597749
881.585542
881.573335
881.561128
881.548921
881.536714
881.524507
881.512299
881.500092
881.487885
881.475678
881.463471
881.451264
881.439057
881.426850
881.414643
881.402436
881.390229
881.378022
881.365815
881.353608
881.341401
881.329194
881.316987
881.304780
881.292573
881.280366
881.268159
881.255952
881.243745
881.231538
881.219331
881.207124
881.194917
881.182710
881.170503
881.158296
881.146089
881.133882
881.121674
881.109467
881.097260
881.085053
881.072846
881.060639
881.048432
881.036225
881.024018
881.011811
880.999604
880.987397
880.975190
880.962983
880.950776
880.938569
880.926362
880.914155
880.901948
880.889741
880.877534
880.865327
880.853120
880.840913
880.828706
880.816499
880.804292
880.792085
880.779878
880.767671
880.755464
880.743257
880.731049
880.718842
880.706635
880.694428
880.682221
880.670014
880.657807
880.645600
880.633393
880.621186
880.608979
880.596772
880.584565
880.572358
880.560151
880.547944
880.535737
880.523530
880.511323
880.499116
880.486909
880.474702
880.462495
880.450288
880.438081
880.425874
880.413667
880.401460
880.389253
880.377046
880.364839
880.352632
880.340424
880.328217
880.316010
880.303803
880.291596
880.279389
880.267182
880.254975
880.242768
880.230561
880.218354
880.206147
880.193940
880.181733
880.169526
880.157319
880.145112
880.132905
880.120698
880.108491
880.096284
880.084077
880.071870
880.059663
880.047456
880.035249
880.023042
880.010835
879.998628
879.986421
879.974214
879.962007
879.949799
879.937592
879.925385
879.913178
879.900971
879.888764
879.876557
879.864350
879.852143
879.839936
879.827729
879.815522
879.803315
879.791108
879.778901
879.766694
879.754487
879.742280
879.730073
879.717866
879.705659
879.693452
879.681245
879.669038
879.656831
879.644624
879.632417
879.620210
879.608003
879.595796
879.583589
879.571382
879.559174
879.546967
879.534760
879.522553
879.510346
879.498139
879.485932
879.473725
879.461518
879.449311
879.437104
879.424897
879.412690
879.400483
879.388276
879.376069
879.363862
879.351655
879.339448
879.327241
879.315034
879.302827
879.290620
879.278413
879.266206
879.253999
879.241792
879.229585
879.217378
879.205171
879.192964
879.180757
879.168549
879.156342
879.144135
879.131928
879.119721
879.107514
879.095307
879.083100
879.070893
879.058686
879.046479
879.034272
879.022065
879.009858
878.997651
878.985444
878.973237
878.961030
878.948823
878.936616
878.924409
878.912202
878.899995
878.887788
878.875581
878.863374
878.851167
878.838960
878.826753
878.814546
878.802339
878.790132
878.777924
878.765717
878.753510
878.741303
878.729096
878.716889
878.704682
878.692475
878.680268
878.668061
878.655854
878.643647
878.631440
878.619233
878.607026
878.594819
878.582612
878.570405
878.558198
878.545991
878.533784
878.521577
878.509370
878.497163
878.484956
878.472749
878.460542
878.448335
878.436128
878.423921
878.411714
878.399507
878.387299
878.375092
878.362885
878.350678
878.338471
878.326264
878.314057
878.301850
878.289643
878.277436
878.265229
878.253022
878.240815
878.228608
878.216401
878.204194
878.191987
878.179780
878.167573
878.155366
878.143159
878.130952
878.118745
878.106538
878.094331
878.082124
878.069917
878.057710
878.045503
878.033296
878.021089
878.008882
877.996674
877.984467
877.972260
877.960053
877.947846
877.935639
877.923432
877.911225
877.899018
877.886811
877.874604
877.862397
877.850190
877.837983
877.825776
877.813569
877.801362
877.789155
877.776948
877.764741
877.752534
877.740327
877.728120
877.715913
877.703706
877.691499
877.679292
877.667085
877.654878
877.642671
877.630464
877.618257
877.606049
877.593842
877.581635
877.569428
877.557221
877.545014
877.532807
877.520600
877.508393
877.496186
877.483979
877.471772
877.459565
877.447358
877.435151
877.422944
877.410737
877.398530
877.386323
877.374116
877.361909
877.349702
877.337495
877.325288
877.313081
877.300874
877.288667
877.276460
877.264253
877.252046
877.239839
877.227632
877.215424
877.203217
877.191010
877.178803
877.166596
877.154389
877.142182
877.129975
877.117768
877.105561
877.093354
877.081147
877.068940
877.056733
877.044526
877.032319
877.020112
877.007905
876.995698
876.983491
876.971284
876.959077
876.946870
876.934663
876.922456
876.910249
876.898042
876.885835
876.873628
876.861421
876.849214
876.837007
876.824799
876.812592
876.800385
876.788178
876.775971
876.763764
876.751557
876.739350
876.727143
876.714936
876.702729
876.690522
876.678315
876.666108
876.653901
876.641694
876.629487
876.617280
876.605073
876.592866
876.580659
876.568452
876.556245
876.544038
876.531831
876.519624
876.507417
876.495210
876.483003
876.470796
876.458589
876.446382
876.434174
876.421967
876.409760
876.397553
876.385346
876.373139
876.360932
876.348725
876.336518
876.324311
876.312104
876.299897
876.287690
876.275483
876.263276
876.251069
876.238862
876.226655
876.214448
876.202241
876.190034
876.177827
876.165620
876.153413
876.141206
876.128999
876.116792
876.104585
876.092378
876.080171
876.067964
876.055757
876.043549
876.031342
876.019135
876.006928
875.994721
875.982514
875.970307
875.958100
875.945893
875.933686
875.921479
875.909272
875.897065
875.884858
875.872651
875.860444
875.848237
875.836030
875.823823
875.811616
875.799409
875.787202
875.774995
875.762788
875.750581
875.738374
875.726167
875.713960
875.701753
875.689546
875.677339
875.665132
875.652924
875.640717
875.628510
875.616303
875.604096
875.591889
875.579682
875.567475
875.555268
875.543061
875.530854
875.518647
875.506440
875.494233
875.482026
875.469819
875.457612
875.445405
875.433198
875.420991
875.408784
875.396577
875.384370
875.372163
875.359956
875.347749
875.335542
875.323335
875.311128
875.298921
875.286714
875.274507
875.262299
875.250092
875.237885
875.225678
875.213471
875.201264
875.189057
875.176850
875.164643
875.152436
875.140229
875.128022
875.115815
875.103608
875.091401
875.079194
875.066987
875.054780
875.042573
875.030366
875.018159
875.005952
874.993745
874.981538
874.969331
874.957124
874.944917
874.932710
874.920503
874.908296
874.896089
874.883882
874.871674
874.859467
874.847260
874.835053
874.822846
874.810639
874.798432
874.786225
874.774018
874.761811
874.749604
874.737397
874.725190
874.712983
874.700776
874.688569
874.676362
874.664155
874.651948
874.639741
874.627534
874.615327
874.603120
874.590913
874.578706
874.566499
874.554292
874.542085
874.529878
874.517671
874.505464
874.493257
874.481049
874.468842
874.456635
874.444428
874.432221
874.420014
874.407807
874.395600
874.383393
874.371186
874.358979
874.346772
874.334565
874.322358
874.310151
874.297944
874.285737
874.273530
874.261323
874.249116
874.236909
874.224702
874.212495
874.200288
874.188081
874.175874
874.163667
874.151460
874.139253
874.127046
874.114839
874.102632
874.090424
874.078217
874.066010
874.053803
874.041596
874.029389
874.017182
874.004975
873.992768
873.980561
873.968354
873.956147
873.943940
873.931733
873.919526
873.907319
873.895112
873.882905
873.870698
873.858491
873.846284
873.834077
873.821870
873.809663
873.797456
873.785249
873.773042
873.760835
873.748628
873.736421
873.724214
873.712007
873.699799
873.687592
873.675385
873.663178
873.650971
873.638764
873.626557
873.614350
873.602143
873.589936
873.577729
873.565522
873.553315
873.541108
873.528901
873.516694
873.504487
873.492280
873.480073
873.467866
873.455659
873.443452
873.431245
873.419038
873.406831
873.394624
873.382417
873.370210
873.358003
873.345796
873.333589
873.321382
873.309174
873.296967
873.284760
873.272553
873.260346
873.248139
873.235932
873.223725
873.211518
873.199311
873.187104
873.174897
873.162690
873.150483
873.138276
873.126069
873.113862
873.101655
873.089448
873.077241
873.065034
873.052827
873.040620
873.028413
873.016206
873.003999
872.991792
872.979585
872.967378
872.955171
872.942964
872.930757
872.918549
872.906342
872.894135
872.881928
872.869721
872.857514
872.845307
872.833100
872.820893
872.808686
872.796479
872.784272
872.772065
872.759858
872.747651
872.735444
872.723237
872.711030
872.698823
872.686616
872.674409
872.662202
872.649995
872.637788
872.625581
872.613374
872.601167
872.588960
872.576753
872.564546
872.552339
872.540132
872.527924
872.515717
872.503510
872.491303
872.479096
872.466889
872.454682
872.442475
872.430268
872.418061
872.405854
872.393647
872.381440
872.369233
872.357026
872.344819
872.332612
872.320405
872.308198
872.295991
872.283784
872.271577
872.259370
872.247163
872.234956
872.222749
872.210542
872.198335
872.186128
872.173921
872.161714
872.149507
872.137299
872.125092
872.112885
872.100678
872.088471
872.076264
872.064057
872.051850
872.039643
872.027436
872.015229
872.003022
871.990815
871.978608
871.966401
871.954194
871.941987
871.929780
871.917573
871.905366
871.893159
871.880952
871.868745
871.856538
871.844331
871.832124
871.819917
871.807710
871.795503
871.783296
871.771089
871.758882
871.746674
871.734467
871.722260
871.710053
871.697846
871.685639
871.673432
871.661225
871.649018
871.636811
871.624604
871.612397
871.600190
871.587983
871.575776
871.563569
871.551362
871.539155
871.526948
871.514741
871.502534
871.490327
871.478120
871.465913
871.453706
871.441499
871.429292
871.417085
871.404878
871.392671
871.380464
871.368257
871.356049
871.343842
871.331635
871.319428
871.307221
871.295014
871.282807
871.270600
871.258393
871.246186
871.233979
871.221772
871.209565
871.197358
871.185151
871.172944
871.160737
871.148530
871.136323
871.124116
871.111909
871.099702
871.087495
871.075288
871.063081
871.050874
871.038667
871.026460
871.014253
871.002046
870.989839
870.977632
870.965424
870.953217
870.941010
870.928803
870.916596
870.904389
870.892182
870.879975
870.867768
870.855561
870.843354
870.831147
870.818940
870.806733
870.794526
870.782319
870.770112
870.757905
870.745698
870.733491
870.721284
870.709077
870.696870
870.684663
870.672456
870.660249
870.648042
870.635835
870.623628
870.611421
870.599214
870.587007
870.574799
870.562592
870.550385
870.538178
870.525971
870.513764
870.501557
870.489350
870.477143
870.464936
870.452729
870.440522
870.428315
870.416108
870.403901
870.391694
870.379487
870.367280
870.355073
870.342866
870.330659
870.318452
870.306245
870.294038
870.281831
870.269624
870.257417
870.245210
870.233003
870.220796
870.208589
870.196382
870.184174
870.171967
870.159760
870.147553
870.135346
870.123139
870.110932
870.098725
870.086518
870.074311
870.062104
870.049897
870.037690
870.025483
870.013276
870.001069
869.988862
869.976655
869.964448
869.952241
869.940034
869.927827
869.915620
869.903413
869.891206
869.878999
869.866792
869.854585
869.842378
869.830171
869.817964
869.805757
869.793549
869.781342
869.769135
869.756928
869.744721
869.732514
869.720307
869.708100
869.695893
869.683686
869.671479
869.659272
869.647065
869.634858
869.622651
869.610444
869.598237
869.586030
869.573823
869.561616
869.549409
869.537202
869.524995
869.512788
869.500581
869.488374
869.476167
869.463960
869.451753
869.439546
869.427339
869.415132
869.402924
869.390717
869.378510
869.366303
869.354096
869.341889
869.329682
869.317475
869.305268
869.293061
869.280854
869.268647
869.256440
869.244233
869.232026
869.219819
869.207612
869.195405
869.183198
869.170991
869.158784
869.146577
869.134370
869.122163
869.109956
869.097749
869.085542
869.073335
869.061128
869.048921
869.036714
869.024507
869.012299
869.000092
868.987885
868.975678
868.963471
868.951264
868.939057
868.926850
868.914643
868.902436
868.890229
868.878022
868.865815
868.853608
868.841401
868.829194
868.816987
868.804780
868.792573
868.780366
868.768159
868.755952
868.743745
868.731538
868.719331
868.707124
868.694917
868.682710
868.670503
868.658296
868.646089
868.633882
868.621674
868.609467
868.597260
868.585053
868.572846
868.560639
868.548432
868.536225
868.524018
868.511811
868.499604
868.487397
868.475190
868.462983
868.450776
868.438569
868.426362
868.414155
868.401948
868.389741
868.377534
868.365327
868.353120
868.340913
868.328706
868.316499
868.304292
868.292085
868.279878
868.267671
868.255464
868.243257
868.231049
868.218842
868.206635
868.194428
868.182221
868.170014
868.157807
868.145600
868.133393
868.121186
868.108979
868.096772
868.084565
868.072358
868.060151
868.047944
868.035737
868.023530
868.011323
867.999116
867.986909
867.974702
867.962495
867.950288
867.938081
867.925874
867.913667
867.901460
867.889253
867.877046
867.864839
867.852632
867.840424
867.828217
867.816010
867.803803
867.791596
867.779389
867.767182
867.754975
867.742768
867.730561
867.718354
867.706147
867.693940
867.681733
867.669526
867.657319
867.645112
867.632905
867.620698
867.608491
867.596284
867.584077
867.571870
867.559663
867.547456
867.535249
867.523042
867.510835
867.498628
867.486421
867.474214
867.462007
867.449799
867.437592
867.425385
867.413178
867.400971
867.388764
867.376557
867.364350
867.352143
867.339936
867.327729
867.315522
867.303315
867.291108
867.278901
867.266694
867.254487
867.242280
867.230073
867.217866
867.205659
867.193452
867.181245
867.169038
867.156831
867.144624
867.132417
867.120210
867.108003
867.095796
867.083589
867.071382
867.059174
867.046967
867.034760
867.022553
867.010346
866.998139
866.985932
866.973725
866.961518
866.949311
866.937104
866.924897
866.912690
866.900483
866.888276
866.876069
866.863862
866.851655
866.839448
866.827241
866.815034
866.802827
866.790620
866.778413
866.766206
866.753999
866.741792
866.729585
866.717378
866.705171
866.692964
866.680757
866.668549
866.656342
866.644135
866.631928
866.619721
866.607514
866.595307
866.583100
866.570893
866.558686
866.546479
866.534272
866.522065
866.509858
866.497651
866.485444
866.473237
866.461030
866.448823
866.436616
866.424409
866.412202
866.399995
866.387788
866.375581
866.363374
866.351167
866.338960
866.326753
866.314546
866.302339
866.290132
866.277924
866.265717
866.253510
866.241303
866.229096
866.216889
866.204682
866.192475
866.180268
866.168061
866.155854
866.143647
866.131440
866.119233
866.107026
866.094819
866.082612
866.070405
866.058198
866.045991
866.033784
866.021577
866.009370
865.997163
865.984956
865.972749
865.960542
865.948335
865.936128
865.923921
865.911714
865.899507
865.887299
865.875092
865.862885
865.850678
865.838471
865.826264
865.814057
865.801850
865.789643
865.777436
865.765229
865.753022
865.740815
865.728608
865.716401
865.704194
865.691987
865.679780
865.667573
865.655366
865.643159
865.630952
865.618745
865.606538
865.594331
865.582124
865.569917
865.557710
865.545503
865.533296
865.521089
865.508882
865.496674
865.484467
865.472260
865.460053
865.447846
865.435639
865.423432
865.411225
865.399018
865.386811
865.374604
865.362397
865.350190
865.337983
865.325776
865.313569
865.301362
865.289155
865.276948
865.264741
865.252534
865.240327
865.228120
865.215913
865.203706
865.191499
865.179292
865.167085
865.154878
865.142671
865.130464
865.118257
865.106049
865.093842
865.081635
865.069428
865.057221
865.045014
865.032807
865.020600
865.008393
864.996186
864.983979
864.971772
864.959565
864.947358
864.935151
864.922944
864.910737
864.898530
864.886323
864.874116
864.861909
864.849702
864.837495
864.825288
864.813081
864.800874
864.788667
864.776460
864.764253
864.752046
864.739839
864.727632
864.715424
864.703217
864.691010
864.678803
864.666596
864.654389
864.642182
864.629975
864.617768
864.605561
864.593354
864.581147
864.568940
864.556733
864.544526
864.532319
864.520112
864.507905
864.495698
864.483491
864.471284
864.459077
864.446870
864.434663
864.422456
864.410249
864.398042
864.385835
864.373628
864.361421
864.349214
864.337007
864.324799
864.312592
864.300385
864.288178
864.275971
864.263764
864.251557
864.239350
864.227143
864.214936
864.202729
864.190522
864.178315
864.166108
864.153901
864.141694
864.129487
864.117280
864.105073
864.092866
864.080659
864.068452
864.056245
864.044038
864.031831
864.019624
864.007417
863.995210
863.983003
863.970796
863.958589
863.946382
863.934174
863.921967
863.909760
863.897553
863.885346
863.873139
863.860932
863.848725
863.836518
863.824311
863.812104
863.799897
863.787690
863.775483
863.763276
863.751069
863.738862
863.726655
863.714448
863.702241
863.690034
863.677827
863.665620
863.653413
863.641206
863.628999
863.616792
863.604585
863.592378
863.580171
863.567964
863.555757
863.543549
863.531342
863.519135
863.506928
863.494721
863.482514
863.470307
863.458100
863.445893
863.433686
863.421479
863.409272
863.397065
863.384858
863.372651
863.360444
863.348237
863.336030
863.323823
863.311616
863.299409
863.287202
863.274995
863.262788
863.250581
863.238374
863.226167
863.213960
863.201753
863.189546
863.177339
863.165132
863.152924
863.140717
863.128510
863.116303
863.104096
863.091889
863.079682
863.067475
863.055268
863.043061
863.030854
863.018647
863.006440
862.994233
862.982026
862.969819
862.957612
862.945405
862.933198
862.920991
862.908784
862.896577
862.884370
862.872163
862.859956
862.847749
862.835542
862.823335
862.811128
862.798921
862.786714
862.774507
862.762299
862.750092
862.737885
862.725678
862.713471
862.701264
862.689057
862.676850
862.664643
862.652436
862.640229
862.628022
862.615815
862.603608
862.591401
862.579194
862.566987
862.554780
862.542573
862.530366
862.518159
862.505952
862.493745
862.481538
862.469331
862.457124
862.444917
862.432710
862.420503
862.408296
862.396089
862.383882
862.371674
862.359467
862.347260
862.335053
862.322846
862.310639
862.298432
862.286225
862.274018
862.261811
862.249604
862.237397
862.225190
862.212983
862.200776
862.188569
862.176362
862.164155
862.151948
862.139741
862.127534
862.115327
862.103120
862.090913
862.078706
862.066499
862.054292
862.042085
862.029878
862.017671
862.005464
861.993257
861.981049
861.968842
861.956635
861.944428
861.932221
861.920014
861.907807
861.895600
861.883393
861.871186
861.858979
861.846772
861.834565
861.822358
861.810151
861.797944
861.785737
861.773530
861.761323
861.749116
861.736909
861.724702
861.712495
861.700288
861.688081
861.675874
861.663667
861.651460
861.639253
861.627046
861.614839
861.602632
861.590424
861.578217
861.566010
861.553803
861.541596
861.529389
861.517182
861.504975
861.492768
861.480561
861.468354
861.456147
861.443940
861.431733
861.419526
861.407319
861.395112
861.382905
861.370698
861.358491
861.346284
861.334077
861.321870
861.309663
861.297456
861.285249
861.273042
861.260835
861.248628
861.236421
861.224214
861.212007
861.199799
861.187592
861.175385
861.163178
861.150971
861.138764
861.126557
861.114350
861.102143
861.089936
861.077729
861.065522
861.053315
861.041108
861.028901
861.016694
861.004487
860.992280
860.980073
860.967866
860.955659
860.943452
860.931245
860.919038
860.906831
860.894624
860.882417
860.870210
860.858003
860.845796
860.833589
860.821382
860.809174
860.796967
860.784760
860.772553
860.760346
860.748139
860.735932
860.723725
860.711518
860.699311
860.687104
860.674897
860.662690
860.650483
860.638276
860.626069
860.613862
860.601655
860.589448
860.577241
860.565034
860.552827
860.540620
860.528413
860.516206
860.503999
860.491792
860.479585
860.467378
860.455171
860.442964
860.430757
860.418549
860.406342
860.394135
860.381928
860.369721
860.357514
860.345307
860.333100
860.320893
860.308686
860.296479
860.284272
860.272065
860.259858
860.247651
860.235444
860.223237
860.211030
860.198823
860.186616
860.174409
860.162202
860.149995
860.137788
860.125581
860.113374
860.101167
860.088960
860.076753
860.064546
860.052339
860.040132
860.027924
860.015717
860.003510
859.991303
859.979096
859.966889
859.954682
859.942475
859.930268
859.918061
859.905854
859.893647
859.881440
859.869233
859.857026
859.844819
859.832612
859.820405
859.808198
859.795991
859.783784
859.771577
859.759370
859.747163
859.734956
859.722749
859.710542
859.698335
859.686128
859.673921
859.661714
859.649507
859.637299
859.625092
859.612885
859.600678
859.588471
859.576264
859.564057
859.551850
859.539643
859.527436
859.515229
859.503022
859.490815
859.478608
859.466401
859.454194
859.441987
859.429780
859.417573
859.405366
859.393159
859.380952
859.368745
859.356538
859.344331
859.332124
859.319917
859.307710
859.295503
859.283296
859.271089
859.258882
859.246674
859.234467
859.222260
859.210053
859.197846
859.185639
859.173432
859.161225
859.149018
859.136811
859.124604
859.112397
859.100190
859.087983
859.075776
859.063569
859.051362
859.039155
859.026948
859.014741
859.002534
858.990327
858.978120
858.965913
858.953706
858.941499
858.929292
858.917085
858.904878
858.892671
858.880464
858.868257
858.856049
858.843842
858.831635
858.819428
858.807221
858.795014
858.782807
858.770600
858.758393
858.746186
858.733979
858.721772
858.709565
858.697358
858.685151
858.672944
858.660737
858.648530
858.636323
858.624116
858.611909
858.599702
858.587495
858.575288
858.563081
858.550874
858.538667
858.526460
858.514253
858.502046
858.489839
858.477632
858.465424
858.453217
858.441010
858.428803
858.416596
858.404389
858.392182
858.379975
858.367768
858.355561
858.343354
858.331147
858.318940
858.306733
858.294526
858.282319
858.270112
858.257905
858.245698
858.233491
858.221284
858.209077
858.196870
858.184663
858.172456
858.160249
858.148042
858.135835
858.123628
858.111421
858.099214
858.087007
858.074799
858.062592
858.050385
858.038178
858.025971
858.013764
858.001557
857.989350
857.977143
857.964936
857.952729
857.940522
857.928315
857.916108
857.903901
857.891694
857.879487
857.867280
857.855073
857.842866
857.830659
857.818452
857.806245
857.794038
857.781831
857.769624
857.757417
857.745210
857.733003
857.720796
857.708589
857.696382
857.684174
857.671967
857.659760
857.647553
857.635346
857.623139
857.610932
857.598725
857.586518
857.574311
857.562104
857.549897
857.537690
857.525483
857.513276
857.501069
857.488862
857.476655
857.464448
857.452241
857.440034
857.427827
857.415620
857.403413
857.391206
857.378999
857.366792
857.354585
857.342378
857.330171
857.317964
857.305757
857.293549
857.281342
857.269135
857.256928
857.244721
857.232514
857.220307
857.208100
857.195893
857.183686
857.171479
857.159272
857.147065
857.134858
857.122651
857.110444
857.098237
857.086030
857.073823
857.061616
857.049409
857.037202
857.024995
857.012788
857.000581
856.988374
856.976167
856.963960
856.951753
856.939546
856.927339
856.915132
856.902924
856.890717
856.878510
856.866303
856.854096
856.841889
856.829682
856.817475
856.805268
856.793061
856.780854
856.768647
856.756440
856.744233
856.732026
856.719819
856.707612
856.695405
856.683198
856.670991
856.658784
856.646577
856.634370
856.622163
856.609956
856.597749
856.585542
856.573335
856.561128
856.548921
856.536714
856.524507
856.512299
856.500092
856.487885
856.475678
856.463471
856.451264
856.439057
856.426850
856.414643
856.402436
856.390229
856.378022
856.365815
856.353608
856.341401
856.329194
856.316987
856.304780
856.292573
856.280366
856.268159
856.255952
856.243745
856.231538
856.219331
856.207124
856.194917
856.182710
856.170503
856.158296
856.146089
856.133882
856.121674
856.109467
856.097260
856.085053
856.072846
856.060639
856.048432
856.036225
856.024018
856.011811
855.999604
855.987397
855.975190
855.962983
855.950776
855.938569
855.926362
855.914155
855.901948
855.889741
855.877534
855.865327
855.853120
855.840913
855.828706
855.816499
855.804292
855.792085
855.779878
855.767671
855.755464
855.743257
855.731049
855.718842
855.706635
855.694428
855.682221
855.670014
855.657807
855.645600
855.633393
855.621186
855.608979
855.596772
855.584565
855.572358
855.560151
855.547944
855.535737
855.523530
855.511323
855.499116
855.486909
855.474702
855.462495
855.450288
855.438081
855.425874
855.413667
855.401460
855.389253
855.377046
855.364839
855.352632
855.340424
855.328217
855.316010
855.303803
855.291596
855.279389
855.267182
855.254975
855.242768
855.230561
855.218354
855.206147
855.193940
855.181733
855.169526
855.157319
855.145112
855.132905
855.120698
855.108491
855.096284
855.084077
855.071870
855.059663
855.047456
855.035249
855.023042
855.010835
854.998628
854.986421
854.974214
854.962007
854.949799
854.937592
854.925385
854.913178
854.900971
854.888764
854.876557
854.864350
854.852143
854.839936
854.827729
854.815522
854.803315
854.791108
854.778901
854.766694
854.754487
854.742280
854.730073
854.717866
854.705659
854.693452
854.681245
854.669038
854.656831
854.644624
854.632417
854.620210
854.608003
854.595796
854.583589
854.571382
854.559174
854.546967
854.534760
854.522553
854.510346
854.498139
854.485932
854.473725
854.461518
854.449311
854.437104
854.424897
854.412690
854.400483
854.388276
854.376069
854.363862
854.351655
854.339448
854.327241
854.315034
854.302827
854.290620
854.278413
854.266206
854.253999
854.241792
854.229585
854.217378
854.205171
854.192964
854.180757
854.168549
854.156342
854.144135
854.131928
854.119721
854.107514
854.095307
854.083100
854.070893
854.058686
854.046479
854.034272
854.022065
854.009858
853.997651
853.985444
853.973237
853.961030
853.948823
853.936616
853.924409
853.912202
853.899995
853.887788
853.875581
853.863374
853.851167
853.838960
853.826753
853.814546
853.802339
853.790132
853.777924
853.765717
853.753510
853.741303
853.729096
853.716889
853.704682
853.692475
853.680268
853.668061
853.655854
853.643647
853.631440
853.619233
853.607026
853.594819
853.582612
853.570405
853.558198
853.545991
853.533784
853.521577
853.509370
853.497163
853.484956
853.472749
853.460542
853.448335
853.436128
853.423921
853.411714
853.399507
853.387299
853.375092
853.362885
853.350678
853.338471
853.326264
853.314057
853.301850
853.289643
853.277436
853.265229
853.253022
853.240815
853.228608
853.216401
853.204194
853.191987
853.179780
853.167573
853.155366
853.143159
853.130952
853.118745
853.106538
853.094331
853.082124
853.069917
853.057710
853.045503
853.033296
853.021089
853.008882
852.996674
852.984467
852.972260
852.960053
852.947846
852.935639
852.923432
852.911225
852.899018
852.886811
852.874604
852.862397
852.850190
852.837983
852.825776
852.813569
852.801362
852.789155
852.776948
852.764741
852.752534
852.740327
852.728120
852.715913
852.703706
852.691499
852.679292
852.667085
852.654878
852.642671
852.630464
852.618257
852.606049
852.593842
852.581635
852.569428
852.557221
852.545014
852.532807
852.520600
852.508393
852.496186
852.483979
852.471772
852.459565
852.447358
852.435151
852.422944
852.410737
852.398530
852.386323
852.374116
852.361909
852.349702
852.337495
852.325288
852.313081
852.300874
852.288667
852.276460
852.264253
852.252046
852.239839
852.227632
852.215424
852.203217
852.191010
852.178803
852.166596
852.154389
852.142182
852.129975
852.117768
852.105561
852.093354
852.081147
852.068940
852.056733
852.044526
852.032319
852.020112
852.007905
851.995698
851.983491
851.971284
851.959077
851.946870
851.934663
851.922456
851.910249
851.898042
851.885835
851.873628
851.861421
851.849214
851.837007
851.824799
851.812592
851.800385
851.788178
851.775971
851.763764
851.751557
851.739350
851.727143
851.714936
851.702729
851.690522
851.678315
851.666108
851.653901
851.641694
851.629487
851.617280
851.605073
851.592866
851.580659
851.568452
851.556245
851.544038
851.531831
851.519624
851.507417
851.495210
851.483003
851.470796
851.458589
851.446382
851.434174
851.421967
851.409760
851.397553
851.385346
851.373139
851.360932
851.348725
851.336518
851.324311
851.312104
851.299897
851.287690
851.275483
851.263276
851.251069
851.238862
851.226655
851.214448
851.202241
851.190034
851.177827
851.165620
851.153413
851.141206
851.128999
851.116792
851.104585
851.092378
851.080171
851.067964
851.055757
851.043549
851.031342
851.019135
851.006928
850.994721
850.982514
850.970307
850.958100
850.945893
850.933686
850.921479
850.909272
850.897065
850.884858
850.872651
850.860444
850.848237
850.836030
850.823823
850.811616
850.799409
850.787202
850.774995
850.762788
850.750581
850.738374
850.726167
850.713960
850.701753
850.689546
850.677339
850.665132
850.652924
850.640717
850.628510
850.616303
850.604096
850.591889
850.579682
850.567475
850.555268
850.543061
850.530854
850.518647
850.506440
850.494233
850.482026
850.469819
850.457612
850.445405
850.433198
850.420991
850.408784
850.396577
850.384370
850.372163
850.359956
850.347749
850.335542
850.323335
850.311128
850.298921
850.286714
850.274507
850.262299
850.250092
850.237885
850.225678
850.213471
850.201264
850.189057
850.176850
850.164643
850.152436
850.140229
850.128022
850.115815
850.103608
850.091401
850.079194
