900.05478 0.4644
900.030366 0.6182
900.005952 0.6192
899.981538 0.6236
899.957124 0.6285
899.93271 0.634
899.908296 0.6384
899.883882 0.6434
899.859467 0.6526
899.835053 0.6614
899.810639 0.6695
899.786225 0.6791
899.761811 0.6906
899.737397 0.701
899.712983 0.7088
899.688569 0.7167
899.664155 0.7274
899.639741 0.7414
899.615327 0.7549
899.590913 0.7713
899.566499 0.7891
899.542085 0.7986
899.517671 0.811
899.493257 0.8337
899.468842 0.8556
899.444428 0.8723
899.420014 0.8799
899.3956 0.8878
899.371186 0.9073
899.346772 0.9319
899.322358 0.9494
899.297944 0.9592
899.27353 0.9744
899.249116 0.9916
899.224702 1.0106
899.200288 1.0322
899.175874 1.0534
899.15146 1.0772
899.127046 1.0955
899.102632 1.1087
899.078217 1.1298
899.053803 1.1543
899.029389 1.1685
899.004975 1.1789
898.980561 1.1989
898.956147 1.2212
898.931733 1.2422
898.907319 1.2621
898.882905 1.2728
898.858491 1.2927
898.834077 1.3224
898.809663 1.3383
898.785249 1.3523
898.760835 1.3704
898.736421 1.3781
898.712007 1.3847
898.687592 1.4053
898.663178 1.4227
898.638764 1.43
898.61435 1.4421
898.589936 1.4603
898.565522 1.4818
898.541108 1.4982
898.516694 1.5191
898.49228 1.5438
898.467866 1.5516
898.443452 1.5613
898.419038 1.589
898.394624 1.6124
898.37021 1.6123
898.345796 1.6065
898.321382 1.6223
898.296967 1.6523
898.272553 1.669
898.248139 1.672
898.223725 1.6846
898.199311 1.7127
898.174897 1.7282
898.150483 1.7247
898.126069 1.7337
898.101655 1.7564
898.077241 1.7691
898.052827 1.7754
898.028413 1.7812
898.003999 1.7962
897.979585 1.8219
897.955171 1.8311
897.930757 1.8372
897.906342 1.8471
897.881928 1.8522
897.857514 1.8695
897.8331 1.8915
897.808686 1.8987
897.784272 1.8928
897.759858 1.8915
897.735444 1.916
897.71103 1.9499
897.686616 1.9658
897.662202 1.9725
897.637788 1.9857
897.613374 2.0021
897.58896 2.018
897.564546 2.0265
897.540132 2.0185
897.515717 2.0245
897.491303 2.0461
897.466889 2.0474
897.442475 2.0283
897.418061 2.0256
897.393647 2.0499
897.369233 2.0704
897.344819 2.086
897.320405 2.1077
897.295991 2.1173
897.271577 2.1154
897.247163 2.1289
897.222749 2.1431
897.198335 2.1449
897.173921 2.1432
897.149507 2.1423
897.125092 2.152
897.100678 2.1552
897.076264 2.1506
897.05185 2.1652
897.027436 2.1852
897.003022 2.1883
896.978608 2.1838
896.954194 2.1943
896.92978 2.2158
896.905366 2.2257
896.880952 2.2193
896.856538 2.2244
896.832124 2.244
896.80771 2.2519
896.783296 2.2457
896.758882 2.2266
896.734467 2.2163
896.710053 2.2256
896.685639 2.2408
896.661225 2.2487
896.636811 2.2404
896.612397 2.2302
896.587983 2.2338
896.563569 2.2416
896.539155 2.251
896.514741 2.2592
896.490327 2.2711
896.465913 2.2878
896.441499 2.2794
896.417085 2.2645
896.392671 2.2606
896.368257 2.2621
896.343842 2.2805
896.319428 2.2982
896.295014 2.2951
896.2706 2.2944
896.246186 2.2972
896.221772 2.2877
896.197358 2.2806
896.172944 2.2809
896.14853 2.2821
896.124116 2.2864
896.099702 2.2919
896.075288 2.2959
896.050874 2.304
896.02646 2.2948
896.002046 2.2829
895.977632 2.2888
895.953217 2.2899
895.928803 2.2958
895.904389 2.3057
895.879975 2.2963
895.855561 2.2886
895.831147 2.3108
895.806733 2.3222
895.782319 2.3056
895.757905 2.2958
895.733491 2.2898
895.709077 2.2809
895.684663 2.287
895.660249 2.2961
895.635835 2.2918
895.611421 2.2959
895.587007 2.3042
895.562592 2.297
895.538178 2.2867
895.513764 2.2842
895.48935 2.291
895.464936 2.2989
895.440522 2.2987
895.416108 2.2861
895.391694 2.2661
895.36728 2.2595
895.342866 2.2566
895.318452 2.2566
895.294038 2.2791
895.269624 2.286
895.24521 2.2658
895.220796 2.26
895.196382 2.2607
895.171967 2.2622
895.147553 2.2729
895.123139 2.2734
895.098725 2.2689
895.074311 2.2574
895.049897 2.2451
895.025483 2.2439
895.001069 2.236
894.976655 2.2337
894.952241 2.2478
894.927827 2.252
894.903413 2.2421
894.878999 2.236
894.854585 2.2325
894.830171 2.229
894.805757 2.229
894.781342 2.2226
894.756928 2.2043
894.732514 2.1959
894.7081 2.2041
894.683686 2.2129
894.659272 2.2045
894.634858 2.1866
894.610444 2.1805
894.58603 2.1817
894.561616 2.1855
894.537202 2.1874
894.512788 2.1794
894.488374 2.1758
894.46396 2.1859
894.439546 2.1892
894.415132 2.1744
894.390717 2.149
894.366303 2.1393
894.341889 2.1518
894.317475 2.1643
894.293061 2.1677
894.268647 2.1551
894.244233 2.1341
894.219819 2.1274
894.195405 2.132
894.170991 2.1213
894.146577 2.1131
894.122163 2.1222
894.097749 2.1226
894.073335 2.1204
894.048921 2.1244
894.024507 2.1233
894.000092 2.114
893.975678 2.1014
893.951264 2.0908
893.92685 2.089
893.902436 2.0798
893.878022 2.0614
893.853608 2.0559
893.829194 2.0608
893.80478 2.0717
893.780366 2.0805
893.755952 2.0839
893.731538 2.0791
893.707124 2.0698
893.68271 2.0719
893.658296 2.0724
893.633882 2.0565
893.609467 2.0382
893.585053 2.0374
893.560639 2.0471
893.536225 2.048
893.511811 2.0408
893.487397 2.0402
893.462983 2.0391
893.438569 2.0289
893.414155 2.0207
893.389741 2.012
893.365327 2.0082
893.340913 2.0096
893.316499 2.0046
893.292085 2.0052
893.267671 2.0033
893.243257 1.9909
893.218842 1.9871
893.194428 1.99
893.170014 1.9902
893.1456 1.9952
893.121186 1.9975
893.096772 1.9922
893.072358 1.9945
893.047944 1.9913
893.02353 1.9721
892.999116 1.9572
892.974702 1.9605
892.950288 1.965
892.925874 1.9546
892.90146 1.9375
892.877046 1.9341
892.852632 1.958
892.828217 1.9693
892.803803 1.9502
892.779389 1.9368
892.754975 1.9321
892.730561 1.9261
892.706147 1.9142
892.681733 1.9119
892.657319 1.9188
892.632905 1.9147
892.608491 1.9194
892.584077 1.9197
892.559663 1.8947
892.535249 1.8785
892.510835 1.88
892.486421 1.8842
892.462007 1.8889
892.437592 1.8903
892.413178 1.8864
892.388764 1.879
892.36435 1.8746
892.339936 1.8752
892.315522 1.8715
892.291108 1.8662
892.266694 1.8621
892.24228 1.8519
892.217866 1.8465
892.193452 1.8513
892.169038 1.845
892.144624 1.8277
892.12021 1.8211
892.095796 1.823
892.071382 1.8217
892.046967 1.8192
892.022553 1.8216
891.998139 1.8242
891.973725 1.8278
891.949311 1.8331
891.924897 1.8279
891.900483 1.8221
891.876069 1.8175
891.851655 1.807
891.827241 1.7968
891.802827 1.7939
891.778413 1.7964
891.753999 1.7896
891.729585 1.7785
891.705171 1.7817
891.680757 1.7865
891.656342 1.7757
891.631928 1.7657
891.607514 1.7621
891.5831 1.7704
891.558686 1.7854
891.534272 1.7795
891.509858 1.7658
891.485444 1.7642
891.46103 1.7695
891.436616 1.7727
891.412202 1.7638
891.387788 1.7569
891.363374 1.7666
891.33896 1.7747
891.314546 1.7644
891.290132 1.752
891.265717 1.7527
891.241303 1.7538
891.216889 1.7456
891.192475 1.7333
891.168061 1.7299
891.143647 1.7339
891.119233 1.7337
891.094819 1.7251
891.070405 1.7219
891.045991 1.7278
891.021577 1.7327
890.997163 1.7281
890.972749 1.7147
890.948335 1.7179
890.923921 1.7229
890.899507 1.7171
890.875092 1.715
890.850678 1.713
890.826264 1.7109
890.80185 1.7013
890.777436 1.6988
890.753022 1.7136
890.728608 1.7251
890.704194 1.7193
890.67978 1.6995
890.655366 1.6992
890.630952 1.716
890.606538 1.7124
890.582124 1.6983
890.55771 1.6998
890.533296 1.7049
890.508882 1.7003
890.484467 1.6972
890.460053 1.6929
890.435639 1.6894
890.411225 1.6891
890.386811 1.6848
890.362397 1.6912
890.337983 1.6999
890.313569 1.6953
890.289155 1.693
890.264741 1.6949
890.240327 1.6815
890.215913 1.657
890.191499 1.6573
890.167085 1.6783
890.142671 1.6872
890.118257 1.6867
890.093842 1.6872
890.069428 1.6869
890.045014 1.6809
890.0206 1.6729
889.996186 1.6766
889.971772 1.6767
889.947358 1.6659
889.922944 1.6655
889.89853 1.6633
889.874116 1.6613
889.849702 1.6724
889.825288 1.6802
889.800874 1.6804
889.77646 1.6773
889.752046 1.6854
889.727632 1.6915
889.703217 1.6764
889.678803 1.66
889.654389 1.6602
889.629975 1.6712
889.605561 1.6723
889.581147 1.665
889.556733 1.6654
889.532319 1.6794
889.507905 1.6968
889.483491 1.6993
889.459077 1.693
889.434663 1.688
889.410249 1.6776
889.385835 1.6766
889.361421 1.6779
889.337007 1.6743
889.312592 1.6868
889.288178 1.6904
889.263764 1.6744
889.23935 1.6726
889.214936 1.6847
889.190522 1.6859
889.166108 1.6788
889.141694 1.681
889.11728 1.6809
889.092866 1.6707
889.068452 1.6704
889.044038 1.6755
889.019624 1.677
888.99521 1.6726
888.970796 1.6666
888.946382 1.6652
888.921967 1.6598
888.897553 1.6634
888.873139 1.6756
888.848725 1.6736
888.824311 1.6595
888.799897 1.6518
888.775483 1.655
888.751069 1.6606
888.726655 1.6644
888.702241 1.6657
888.677827 1.6639
888.653413 1.6663
888.628999 1.6756
888.604585 1.6798
888.580171 1.6774
888.555757 1.6708
888.531342 1.6626
888.506928 1.6573
888.482514 1.6542
888.4581 1.654
888.433686 1.6646
888.409272 1.6819
888.384858 1.6798
888.360444 1.6667
888.33603 1.6621
888.311616 1.6651
888.287202 1.6719
888.262788 1.6816
888.238374 1.6949
888.21396 1.6972
888.189546 1.6915
888.165132 1.6978
888.140717 1.6975
888.116303 1.6876
888.091889 1.6938
888.067475 1.7069
888.043061 1.7147
888.018647 1.7152
887.994233 1.7074
887.969819 1.7041
887.945405 1.7099
887.920991 1.7083
887.896577 1.7004
887.872163 1.6969
887.847749 1.7033
887.823335 1.7075
887.798921 1.701
887.774507 1.7091
887.750092 1.7238
887.725678 1.7198
887.701264 1.7118
887.67685 1.7022
887.652436 1.6955
887.628022 1.7062
887.603608 1.7064
887.579194 1.6976
887.55478 1.6996
887.530366 1.7134
887.505952 1.723
887.481538 1.7074
887.457124 1.699
887.43271 1.7076
887.408296 1.7076
887.383882 1.7081
887.359467 1.7115
887.335053 1.6988
887.310639 1.685
887.286225 1.681
887.261811 1.6761
887.237397 1.6892
887.212983 1.6988
887.188569 1.6813
887.164155 1.6749
887.139741 1.6882
887.115327 1.6998
887.090913 1.699
887.066499 1.6853
887.042085 1.6659
887.017671 1.6535
886.993257 1.6464
886.968842 1.6454
886.944428 1.6618
886.920014 1.6715
886.8956 1.6646
886.871186 1.6579
886.846772 1.6631
886.822358 1.6703
886.797944 1.6695
886.77353 1.6804
886.749116 1.6861
886.724702 1.6726
886.700288 1.6692
886.675874 1.6709
886.65146 1.6633
886.627046 1.6562
886.602632 1.658
886.578217 1.66
886.553803 1.6514
886.529389 1.6585
886.504975 1.6792
886.480561 1.6796
886.456147 1.6626
886.431733 1.6548
886.407319 1.6674
886.382905 1.6739
886.358491 1.6656
886.334077 1.662
886.309663 1.6657
886.285249 1.6743
886.260835 1.6785
886.236421 1.6738
886.212007 1.6669
886.187592 1.6566
886.163178 1.6455
886.138764 1.647
886.11435 1.6618
886.089936 1.6779
886.065522 1.6842
886.041108 1.6776
886.016694 1.6695
885.99228 1.6695
885.967866 1.6731
885.943452 1.6699
885.919038 1.6673
885.894624 1.6678
885.87021 1.6613
885.845796 1.6572
885.821382 1.659
885.796967 1.6572
885.772553 1.6549
885.748139 1.6628
885.723725 1.6688
885.699311 1.6628
885.674897 1.6605
885.650483 1.658
885.626069 1.6524
885.601655 1.6605
885.577241 1.6688
885.552827 1.6578
885.528413 1.6527
885.503999 1.6554
885.479585 1.6506
885.455171 1.6487
885.430757 1.6458
885.406342 1.6465
885.381928 1.6501
885.357514 1.6479
885.3331 1.6439
885.308686 1.6432
885.284272 1.6468
885.259858 1.6503
885.235444 1.6516
885.21103 1.636
885.186616 1.6225
885.162202 1.6392
885.137788 1.6523
885.113374 1.6449
885.08896 1.6338
885.064546 1.6385
885.040132 1.6548
885.015717 1.6527
884.991303 1.6406
884.966889 1.6266
884.942475 1.6189
884.918061 1.6305
884.893647 1.6454
884.869233 1.6552
884.844819 1.6561
884.820405 1.6449
884.795991 1.6358
884.771577 1.6436
884.747163 1.6463
884.722749 1.634
884.698335 1.6307
884.673921 1.6374
884.649507 1.6429
884.625092 1.6405
884.600678 1.6298
884.576264 1.6398
884.55185 1.6751
884.527436 1.6895
884.503022 1.6797
884.478608 1.661
884.454194 1.6433
884.42978 1.6438
884.405366 1.6483
884.380952 1.6544
884.356538 1.6649
884.332124 1.6629
884.30771 1.6537
884.283296 1.6574
884.258882 1.6627
884.234467 1.6645
884.210053 1.678
884.185639 1.6825
884.161225 1.6731
884.136811 1.6604
884.112397 1.65
884.087983 1.654
884.063569 1.6552
884.039155 1.651
884.014741 1.6544
883.990327 1.6527
883.965913 1.6431
883.941499 1.6462
883.917085 1.6566
883.892671 1.6471
883.868257 1.6296
883.843842 1.6244
883.819428 1.6291
883.795014 1.6392
883.7706 1.6483
883.746186 1.655
883.721772 1.6609
883.697358 1.6614
883.672944 1.6615
883.64853 1.6675
883.624116 1.6701
883.599702 1.6518
883.575288 1.6218
883.550874 1.6155
883.52646 1.6361
883.502046 1.6551
883.477632 1.6611
883.453217 1.6611
883.428803 1.6557
883.404389 1.6508
883.379975 1.6577
883.355561 1.6642
883.331147 1.6571
883.306733 1.647
883.282319 1.6501
883.257905 1.6536
883.233491 1.6545
883.209077 1.662
883.184663 1.667
883.160249 1.6726
883.135835 1.6698
883.111421 1.6719
883.087007 1.6744
883.062592 1.648
883.038178 1.6318
883.013764 1.6435
882.98935 1.6538
882.964936 1.6591
882.940522 1.6645
882.916108 1.6674
882.891694 1.6697
882.86728 1.6736
882.842866 1.683
882.818452 1.69
882.794038 1.6862
882.769624 1.6965
882.74521 1.6994
882.720796 1.6706
882.696382 1.6567
882.671967 1.6549
882.647553 1.6366
882.623139 1.6229
882.598725 1.6312
882.574311 1.6326
882.549897 1.6259
882.525483 1.6367
882.501069 1.6521
882.476655 1.6645
882.452241 1.6621
882.427827 1.6439
882.403413 1.6357
882.378999 1.6414
882.354585 1.6545
882.330171 1.6636
882.305757 1.664
882.281342 1.6578
882.256928 1.6466
882.232514 1.6401
882.2081 1.6442
882.183686 1.6482
882.159272 1.6429
882.134858 1.6378
882.110444 1.6356
882.08603 1.6364
882.061616 1.6466
882.037202 1.6514
882.012788 1.642
881.988374 1.6442
881.96396 1.6518
881.939546 1.6499
881.915132 1.6666
881.890717 1.6896
881.866303 1.6848
881.841889 1.6728
881.817475 1.6648
881.793061 1.6471
881.768647 1.6425
881.744233 1.6529
881.719819 1.652
881.695405 1.6678
881.670991 1.7036
881.646577 1.7206
881.622163 1.7331
881.597749 1.723
881.573335 1.6731
881.548921 1.6465
881.524507 1.6455
881.500092 1.6468
881.475678 1.6523
881.451264 1.653
881.42685 1.6544
881.402436 1.6464
881.378022 1.6299
881.353608 1.6201
881.329194 1.6187
881.30478 1.6193
881.280366 1.6248
881.255952 1.6524
881.231538 1.6663
881.207124 1.6363
881.18271 1.6146
881.158296 1.612
881.133882 1.5994
881.109467 1.6039
881.085053 1.6186
881.060639 1.6173
881.036225 1.6201
881.011811 1.6321
880.987397 1.6433
880.962983 1.6416
880.938569 1.613
880.914155 1.5787
880.889741 1.5667
880.865327 1.562
880.840913 1.5552
880.816499 1.548
880.792085 1.542
880.767671 1.5527
880.743257 1.5682
880.718842 1.5669
880.694428 1.5643
880.670014 1.5726
880.6456 1.5804
880.621186 1.5809
880.596772 1.5766
880.572358 1.5705
880.547944 1.5613
880.52353 1.5487
880.499116 1.5481
880.474702 1.5611
880.450288 1.5725
880.425874 1.5798
880.40146 1.572
880.377046 1.5676
880.352632 1.5736
880.328217 1.5649
880.303803 1.5519
880.279389 1.544
880.254975 1.5436
880.230561 1.5496
880.206147 1.5579
880.181733 1.5633
880.157319 1.5631
880.132905 1.5652
880.108491 1.5641
880.084077 1.5614
880.059663 1.565
880.035249 1.5636
880.010835 1.5587
879.986421 1.5506
879.962007 1.5413
879.937592 1.5391
879.913178 1.5455
879.888764 1.5536
879.86435 1.5454
879.839936 1.5322
879.815522 1.5327
879.791108 1.5361
879.766694 1.5395
879.74228 1.5487
879.717866 1.5514
879.693452 1.5463
879.669038 1.5474
879.644624 1.5529
879.62021 1.5521
879.595796 1.544
879.571382 1.5326
879.546967 1.527
879.522553 1.5364
879.498139 1.5566
879.473725 1.5666
879.449311 1.5648
879.424897 1.5598
879.400483 1.5487
879.376069 1.5468
879.351655 1.5536
879.327241 1.5551
879.302827 1.5639
879.278413 1.5681
879.253999 1.5581
879.229585 1.5576
879.205171 1.5535
879.180757 1.5454
879.156342 1.5509
879.131928 1.556
879.107514 1.5579
879.0831 1.5602
879.058686 1.5626
879.034272 1.559
879.009858 1.5531
878.985444 1.5504
878.96103 1.5397
878.936616 1.5323
878.912202 1.5459
878.887788 1.5594
878.863374 1.5573
878.83896 1.5478
878.814546 1.5411
878.790132 1.543
878.765717 1.5487
878.741303 1.546
878.716889 1.5407
878.692475 1.5463
878.668061 1.5488
878.643647 1.5496
878.619233 1.5521
878.594819 1.5466
878.570405 1.5453
878.545991 1.558
878.521577 1.563
878.497163 1.556
878.472749 1.5597
878.448335 1.5631
878.423921 1.5619
878.399507 1.5659
878.375092 1.5691
878.350678 1.5619
878.326264 1.5515
878.30185 1.5595
878.277436 1.5688
878.253022 1.5569
878.228608 1.5492
878.204194 1.5581
878.17978 1.5649
878.155366 1.5679
878.130952 1.5713
878.106538 1.5745
878.082124 1.589
878.05771 1.5976
878.033296 1.5854
878.008882 1.5828
877.984467 1.589
877.960053 1.5861
877.935639 1.5802
877.911225 1.5755
877.886811 1.5765
877.862397 1.58
877.837983 1.5811
877.813569 1.5774
877.789155 1.5759
877.764741 1.5861
877.740327 1.5895
877.715913 1.5851
877.691499 1.5837
877.667085 1.5762
877.642671 1.5758
877.618257 1.5909
877.593842 1.5955
877.569428 1.5874
877.545014 1.5866
877.5206 1.5923
877.496186 1.5938
877.471772 1.5923
877.447358 1.5968
877.422944 1.5999
877.39853 1.5979
877.374116 1.6001
877.349702 1.6051
877.325288 1.6119
877.300874 1.6051
877.27646 1.5854
877.252046 1.5887
877.227632 1.6098
877.203217 1.6086
877.178803 1.5905
877.154389 1.5864
877.129975 1.5941
877.105561 1.5986
877.081147 1.6018
877.056733 1.6046
877.032319 1.6069
877.007905 1.6099
876.983491 1.6068
876.959077 1.6068
876.934663 1.6158
876.910249 1.6161
876.885835 1.6121
876.861421 1.6116
876.837007 1.6082
876.812592 1.6144
876.788178 1.6272
876.763764 1.6309
876.73935 1.6321
876.714936 1.6285
876.690522 1.62
876.666108 1.6168
876.641694 1.6195
876.61728 1.6248
876.592866 1.6254
876.568452 1.6292
876.544038 1.6332
876.519624 1.6419
876.49521 1.6517
876.470796 1.6397
876.446382 1.6268
876.421967 1.6273
876.397553 1.6272
876.373139 1.622
876.348725 1.6246
876.324311 1.6263
876.299897 1.6235
876.275483 1.6317
876.251069 1.6406
876.226655 1.6426
876.202241 1.6393
876.177827 1.633
876.153413 1.6299
876.128999 1.6304
876.104585 1.6332
876.080171 1.6379
876.055757 1.6487
876.031342 1.6654
876.006928 1.6646
875.982514 1.647
875.9581 1.6397
875.933686 1.6466
875.909272 1.655
875.884858 1.6548
875.860444 1.6527
875.83603 1.6527
875.811616 1.6518
875.787202 1.6526
875.762788 1.6481
875.738374 1.6436
875.71396 1.6442
875.689546 1.6481
875.665132 1.6584
875.640717 1.6535
875.616303 1.6382
875.591889 1.6466
875.567475 1.6684
875.543061 1.668
875.518647 1.6491
875.494233 1.6387
875.469819 1.6458
875.445405 1.6558
875.420991 1.6472
875.396577 1.634
875.372163 1.6478
875.347749 1.6622
875.323335 1.6594
875.298921 1.6597
875.274507 1.6601
875.250092 1.6611
875.225678 1.6583
875.201264 1.6533
875.17685 1.6571
875.152436 1.6615
875.128022 1.6592
875.103608 1.6599
875.079194 1.6609
875.05478 1.6562
875.030366 1.6565
875.005952 1.6529
874.981538 1.6434
874.957124 1.64
874.93271 1.6488
874.908296 1.6632
874.883882 1.6693
874.859467 1.672
874.835053 1.6692
874.810639 1.6545
874.786225 1.6366
874.761811 1.6308
874.737397 1.644
874.712983 1.6537
874.688569 1.6592
874.664155 1.6736
874.639741 1.6818
874.615327 1.6701
874.590913 1.65
874.566499 1.6509
874.542085 1.6634
874.517671 1.6693
874.493257 1.6631
874.468842 1.6464
874.444428 1.6415
874.420014 1.6466
874.3956 1.6516
874.371186 1.6491
874.346772 1.6434
874.322358 1.6423
874.297944 1.638
874.27353 1.634
874.249116 1.6407
874.224702 1.6461
874.200288 1.6389
874.175874 1.6407
874.15146 1.6453
874.127046 1.6432
874.102632 1.6443
874.078217 1.6413
874.053803 1.6424
874.029389 1.6426
874.004975 1.6384
873.980561 1.6433
873.956147 1.6385
873.931733 1.6308
873.907319 1.6431
873.882905 1.6511
873.858491 1.6506
873.834077 1.6529
873.809663 1.6443
873.785249 1.6365
873.760835 1.6374
873.736421 1.6314
873.712007 1.626
873.687592 1.6299
873.663178 1.648
873.638764 1.6635
873.61435 1.6546
873.589936 1.6396
873.565522 1.6336
873.541108 1.6369
873.516694 1.6376
873.49228 1.6319
873.467866 1.63
873.443452 1.6358
873.419038 1.6423
873.394624 1.6387
873.37021 1.6354
873.345796 1.6352
873.321382 1.6282
873.296967 1.6305
873.272553 1.6457
873.248139 1.6502
873.223725 1.6445
873.199311 1.6429
873.174897 1.643
873.150483 1.6293
873.126069 1.6187
873.101655 1.6387
873.077241 1.6677
873.052827 1.6913
873.028413 1.7016
873.003999 1.6827
872.979585 1.6604
872.955171 1.6546
872.930757 1.6511
872.906342 1.6413
872.881928 1.6402
872.857514 1.6526
872.8331 1.6678
872.808686 1.6684
872.784272 1.6494
872.759858 1.6424
872.735444 1.6365
872.71103 1.614
872.686616 1.6132
872.662202 1.6327
872.637788 1.6355
872.613374 1.6218
872.58896 1.6169
872.564546 1.6236
872.540132 1.6248
872.515717 1.6259
872.491303 1.6299
872.466889 1.6273
872.442475 1.625
872.418061 1.629
872.393647 1.6383
872.369233 1.6434
872.344819 1.6247
872.320405 1.6096
872.295991 1.618
872.271577 1.6197
872.247163 1.6169
872.222749 1.6246
872.198335 1.6292
872.173921 1.6227
872.149507 1.6108
872.125092 1.5989
872.100678 1.6024
872.076264 1.6186
872.05185 1.6306
872.027436 1.6187
872.003022 1.5909
871.978608 1.5905
871.954194 1.599
871.92978 1.579
871.905366 1.5635
871.880952 1.5755
871.856538 1.5778
871.832124 1.572
871.80771 1.574
871.783296 1.568
871.758882 1.5676
871.734467 1.5752
871.710053 1.5767
871.685639 1.5826
871.661225 1.5977
871.636811 1.6089
871.612397 1.6061
871.587983 1.5925
871.563569 1.5826
871.539155 1.5738
871.514741 1.5616
871.490327 1.5597
871.465913 1.5607
871.441499 1.562
871.417085 1.5671
871.392671 1.5681
871.368257 1.5714
871.343842 1.5734
871.319428 1.5807
871.295014 1.5966
871.2706 1.6195
871.246186 1.6638
871.221772 1.6825
871.197358 1.6516
871.172944 1.6203
871.14853 1.5999
871.124116 1.5758
871.099702 1.5583
871.075288 1.558
871.050874 1.56
871.02646 1.5561
871.002046 1.5535
870.977632 1.5503
870.953217 1.5464
870.928803 1.5403
870.904389 1.5273
870.879975 1.5333
870.855561 1.5551
870.831147 1.5597
870.806733 1.5492
870.782319 1.5359
870.757905 1.529
870.733491 1.5183
870.709077 1.5213
870.684663 1.5442
870.660249 1.5451
870.635835 1.5313
870.611421 1.5257
870.587007 1.5216
870.562592 1.5151
870.538178 1.5109
870.513764 1.5034
870.48935 1.5008
870.464936 1.5132
870.440522 1.51
870.416108 1.4992
870.391694 1.4979
870.36728 1.4834
870.342866 1.4709
870.318452 1.4741
870.294038 1.4806
870.269624 1.4891
870.24521 1.4955
870.220796 1.4919
870.196382 1.4821
870.171967 1.4842
870.147553 1.4895
870.123139 1.4759
870.098725 1.4597
870.074311 1.4552
870.049897 1.4581
870.025483 1.4623
870.001069 1.4598
869.976655 1.4531
869.952241 1.4515
869.927827 1.4639
869.903413 1.4931
869.878999 1.532
869.854585 1.5515
869.830171 1.5427
869.805757 1.5149
869.781342 1.5095
869.756928 1.5249
869.732514 1.4795
869.7081 1.4305
869.683686 1.4339
869.659272 1.4403
869.634858 1.4357
869.610444 1.4256
869.58603 1.422
869.561616 1.424
869.537202 1.4259
869.512788 1.4296
869.488374 1.4352
869.46396 1.4361
869.439546 1.4289
869.415132 1.4196
869.390717 1.409
869.366303 1.4077
869.341889 1.4192
869.317475 1.4276
869.293061 1.4365
869.268647 1.4448
869.244233 1.4553
869.219819 1.4601
869.195405 1.446
869.170991 1.4448
869.146577 1.4442
869.122163 1.4188
869.097749 1.4021
869.073335 1.407
869.048921 1.4065
869.024507 1.3959
869.000092 1.3947
868.975678 1.3971
868.951264 1.3958
868.92685 1.3974
868.902436 1.3978
868.878022 1.3944
868.853608 1.3912
868.829194 1.39
868.80478 1.3913
868.780366 1.3942
868.755952 1.3905
868.731538 1.39
868.707124 1.3957
868.68271 1.3923
868.658296 1.3849
868.633882 1.3734
868.609467 1.3649
868.585053 1.3678
868.560639 1.372
868.536225 1.3687
868.511811 1.3647
868.487397 1.3687
868.462983 1.3668
868.438569 1.3598
868.414155 1.3626
868.389741 1.3605
868.365327 1.3438
868.340913 1.3361
868.316499 1.3439
868.292085 1.3452
868.267671 1.3373
868.243257 1.3361
868.218842 1.3386
868.194428 1.3444
868.170014 1.3461
868.1456 1.3361
868.121186 1.333
868.096772 1.3374
868.072358 1.3393
868.047944 1.334
868.02353 1.3284
867.999116 1.3358
867.974702 1.3447
867.950288 1.3414
867.925874 1.3355
867.90146 1.3316
867.877046 1.3279
867.852632 1.3334
867.828217 1.3413
867.803803 1.3362
867.779389 1.3309
867.754975 1.332
867.730561 1.3311
867.706147 1.3339
867.681733 1.3339
867.657319 1.3312
867.632905 1.3358
867.608491 1.3326
867.584077 1.3262
867.559663 1.3276
867.535249 1.3238
867.510835 1.3315
867.486421 1.3406
867.462007 1.3245
867.437592 1.3128
867.413178 1.3182
867.388764 1.3264
867.36435 1.3331
867.339936 1.334
867.315522 1.3303
867.291108 1.3254
867.266694 1.3166
867.24228 1.3136
867.217866 1.3195
867.193452 1.3177
867.169038 1.3113
867.144624 1.3046
867.12021 1.305
867.095796 1.317
867.071382 1.3195
867.046967 1.3088
867.022553 1.3029
866.998139 1.3116
866.973725 1.3154
866.949311 1.3081
866.924897 1.3094
866.900483 1.3184
866.876069 1.3221
866.851655 1.3142
866.827241 1.306
866.802827 1.305
866.778413 1.3029
866.753999 1.306
866.729585 1.3115
866.705171 1.306
866.680757 1.3006
866.656342 1.3027
866.631928 1.3069
866.607514 1.3079
866.5831 1.3079
866.558686 1.3114
866.534272 1.309
866.509858 1.3083
866.485444 1.3171
866.46103 1.3121
866.436616 1.302
866.412202 1.3097
866.387788 1.3088
866.363374 1.2974
866.33896 1.302
866.314546 1.3136
866.290132 1.3164
866.265717 1.3149
866.241303 1.3155
866.216889 1.3132
866.192475 1.3102
866.168061 1.3046
866.143647 1.3002
866.119233 1.3108
866.094819 1.321
866.070405 1.3128
866.045991 1.3026
866.021577 1.2999
865.997163 1.2992
865.972749 1.3032
865.948335 1.3032
865.923921 1.306
865.899507 1.3141
865.875092 1.312
865.850678 1.3098
865.826264 1.3176
865.80185 1.33
865.777436 1.3326
865.753022 1.3213
865.728608 1.3169
865.704194 1.322
865.67978 1.3249
865.655366 1.3276
865.630952 1.3197
865.606538 1.3039
865.582124 1.2982
865.55771 1.3022
865.533296 1.3092
865.508882 1.3215
865.484467 1.3303
865.460053 1.3301
865.435639 1.332
865.411225 1.329
865.386811 1.3315
865.362397 1.3389
865.337983 1.3322
865.313569 1.3295
865.289155 1.3262
865.264741 1.3176
865.240327 1.3176
865.215913 1.3192
865.191499 1.3211
865.167085 1.3231
865.142671 1.3248
865.118257 1.3208
865.093842 1.3092
865.069428 1.3066
865.045014 1.315
865.0206 1.323
864.996186 1.3318
864.971772 1.3411
864.947358 1.3487
864.922944 1.3468
864.89853 1.3266
864.874116 1.3128
864.849702 1.3225
864.825288 1.3371
864.800874 1.3406
864.77646 1.3363
864.752046 1.3352
864.727632 1.3372
864.703217 1.3327
864.678803 1.3341
864.654389 1.3383
864.629975 1.3311
864.605561 1.3327
864.581147 1.3396
864.556733 1.3355
864.532319 1.3325
864.507905 1.3357
864.483491 1.3418
864.459077 1.3502
864.434663 1.3485
864.410249 1.3317
864.385835 1.3297
864.361421 1.348
864.337007 1.3534
864.312592 1.3498
864.288178 1.3541
864.263764 1.3586
864.23935 1.362
864.214936 1.3696
864.190522 1.3707
864.166108 1.3627
864.141694 1.3576
864.11728 1.3561
864.092866 1.3548
864.068452 1.3511
864.044038 1.3447
864.019624 1.3423
863.99521 1.3414
863.970796 1.3413
863.946382 1.3414
863.921967 1.3406
863.897553 1.3489
863.873139 1.3593
863.848725 1.3655
863.824311 1.3654
863.799897 1.3635
863.775483 1.3692
863.751069 1.3689
863.726655 1.3622
863.702241 1.3624
863.677827 1.3592
863.653413 1.351
863.628999 1.3476
863.604585 1.3507
863.580171 1.3658
863.555757 1.3763
863.531342 1.3664
863.506928 1.3594
863.482514 1.3627
863.4581 1.3643
863.433686 1.3707
863.409272 1.3819
863.384858 1.3794
863.360444 1.3754
863.33603 1.384
863.311616 1.386
863.287202 1.3759
863.262788 1.374
863.238374 1.3865
863.21396 1.3881
863.189546 1.3894
863.165132 1.4019
863.140717 1.3977
863.116303 1.3907
863.091889 1.394
863.067475 1.3976
863.043061 1.4026
863.018647 1.3999
862.994233 1.397
862.969819 1.3952
862.945405 1.387
862.920991 1.3819
862.896577 1.3813
862.872163 1.3823
862.847749 1.3815
862.823335 1.3873
862.798921 1.3999
862.774507 1.4032
862.750092 1.3997
862.725678 1.4004
862.701264 1.4079
862.67685 1.412
862.652436 1.408
862.628022 1.4126
862.603608 1.4221
862.579194 1.4245
862.55478 1.4307
862.530366 1.4317
862.505952 1.4269
862.481538 1.4288
862.457124 1.4271
862.43271 1.4233
862.408296 1.42
862.383882 1.4211
862.359467 1.4307
862.335053 1.4318
862.310639 1.4325
862.286225 1.448
862.261811 1.4572
862.237397 1.4536
862.212983 1.4528
862.188569 1.4582
862.164155 1.4668
862.139741 1.4702
862.115327 1.4701
862.090913 1.465
862.066499 1.4581
862.042085 1.4603
862.017671 1.4653
861.993257 1.4742
861.968842 1.4774
861.944428 1.47
861.920014 1.4738
861.8956 1.4796
861.871186 1.4732
861.846772 1.4799
861.822358 1.493
861.797944 1.4991
861.77353 1.5071
861.749116 1.4975
861.724702 1.4846
861.700288 1.4878
861.675874 1.4939
861.65146 1.5043
861.627046 1.5101
861.602632 1.5128
861.578217 1.5233
861.553803 1.5255
861.529389 1.5177
861.504975 1.5098
861.480561 1.499
861.456147 1.5005
861.431733 1.51
861.407319 1.5104
861.382905 1.5174
861.358491 1.5247
861.334077 1.5207
861.309663 1.52
861.285249 1.5297
861.260835 1.5399
861.236421 1.5373
861.212007 1.5321
861.187592 1.5373
861.163178 1.5432
861.138764 1.5434
861.11435 1.5429
861.089936 1.5411
861.065522 1.5348
861.041108 1.5253
861.016694 1.5252
860.99228 1.5403
860.967866 1.5509
860.943452 1.5626
860.919038 1.575
860.894624 1.56
860.87021 1.5421
860.845796 1.5556
860.821382 1.5735
860.796967 1.5684
860.772553 1.5583
860.748139 1.5634
860.723725 1.5692
860.699311 1.5628
860.674897 1.562
860.650483 1.5692
860.626069 1.5923
860.601655 1.6126
860.577241 1.5965
860.552827 1.5766
860.528413 1.5778
860.503999 1.594
860.479585 1.6035
860.455171 1.5934
860.430757 1.5846
860.406342 1.5876
860.381928 1.5841
860.357514 1.5683
860.3331 1.5647
860.308686 1.5837
860.284272 1.5991
860.259858 1.5962
860.235444 1.5858
860.21103 1.5813
860.186616 1.5921
860.162202 1.6039
860.137788 1.6003
860.113374 1.5899
860.08896 1.5897
860.064546 1.591
860.040132 1.5897
860.015717 1.6001
859.991303 1.6056
859.966889 1.6043
859.942475 1.6115
859.918061 1.6113
859.893647 1.6065
859.869233 1.6096
859.844819 1.6069
859.820405 1.6039
859.795991 1.6199
859.771577 1.6246
859.747163 1.6156
859.722749 1.6178
859.698335 1.6151
859.673921 1.6184
859.649507 1.6192
859.625092 1.6054
859.600678 1.6112
859.576264 1.6223
859.55185 1.615
859.527436 1.6142
859.503022 1.6196
859.478608 1.6123
859.454194 1.6053
859.42978 1.6022
859.405366 1.5982
859.380952 1.605
859.356538 1.6366
859.332124 1.666
859.30771 1.665
859.283296 1.6587
859.258882 1.6449
859.234467 1.6173
859.210053 1.6014
859.185639 1.6048
859.161225 1.6034
859.136811 1.6021
859.112397 1.6092
859.087983 1.6109
859.063569 1.6214
859.039155 1.6321
859.014741 1.6301
858.990327 1.6225
858.965913 1.6204
858.941499 1.6194
858.917085 1.6173
858.892671 1.6249
858.868257 1.6323
858.843842 1.6282
858.819428 1.6228
858.795014 1.6256
858.7706 1.6332
858.746186 1.6367
858.721772 1.63
858.697358 1.6294
858.672944 1.6261
858.64853 1.6164
858.624116 1.6185
858.599702 1.6299
858.575288 1.6386
858.550874 1.6334
858.52646 1.6322
858.502046 1.6385
858.477632 1.6323
858.453217 1.6195
858.428803 1.6189
858.404389 1.7692
858.379975 1.9019
858.355561 1.7434
858.331147 1.5981
858.306733 1.5999
858.282319 1.6417
858.257905 1.6933
858.233491 1.6722
858.209077 1.6308
858.184663 1.6148
858.160249 1.6099
858.135835 1.6133
858.111421 1.6136
858.087007 1.6164
858.062592 1.6178
858.038178 1.611
858.013764 1.6059
857.98935 1.6114
857.964936 1.6141
857.940522 1.6082
857.916108 1.6113
857.891694 1.6059
857.86728 1.5942
857.842866 1.6001
857.818452 1.6017
857.794038 1.5881
857.769624 1.5907
857.74521 1.6133
857.720796 1.6252
857.696382 1.6224
857.671967 1.6066
857.647553 1.5871
857.623139 1.5828
857.598725 1.5859
857.574311 1.5848
857.549897 1.5795
857.525483 1.5767
857.501069 1.5771
857.476655 1.5794
857.452241 1.5962
857.427827 1.6148
857.403413 1.6123
857.378999 1.5994
857.354585 1.5925
857.330171 1.5851
857.305757 1.5767
857.281342 1.5752
857.256928 1.5708
857.232514 1.5733
857.2081 1.5966
857.183686 1.6156
857.159272 1.6004
857.134858 1.5915
857.110444 1.6011
857.08603 1.5823
857.061616 1.5611
857.037202 1.5631
857.012788 1.5671
856.988374 1.5644
856.96396 1.56
856.939546 1.5525
856.915132 1.5476
856.890717 1.5522
856.866303 1.5521
856.841889 1.5495
856.817475 1.5527
856.793061 1.5458
856.768647 1.5298
856.744233 1.5314
856.719819 1.5461
856.695405 1.5501
856.670991 1.5399
856.646577 1.5275
856.622163 1.5296
856.597749 1.5348
856.573335 1.524
856.548921 1.5184
856.524507 1.5312
856.500092 1.5378
856.475678 1.5294
856.451264 1.5223
856.42685 1.5202
856.402436 1.5225
856.378022 1.5171
856.353608 1.5328
856.329194 1.9701
856.30478 2.3385
856.280366 1.903
856.255952 1.517
856.231538 1.5198
856.207124 1.5186
856.18271 1.5153
856.158296 1.5128
856.133882 1.5142
856.109467 1.5154
856.085053 1.5107
856.060639 1.4982
856.036225 1.4915
856.011811 1.503
855.987397 1.5222
855.962983 1.5132
855.938569 1.4974
855.914155 1.4949
855.889741 1.4869
855.865327 1.4886
855.840913 1.5058
855.816499 1.5087
855.792085 1.4904
855.767671 1.4836
855.743257 1.4918
855.718842 1.4872
855.694428 1.4817
855.670014 1.4857
855.6456 1.4929
855.621186 1.4945
855.596772 1.4959
855.572358 1.4832
855.547944 1.5188
855.52353 1.7684
855.499116 1.8438
855.474702 1.5761
855.450288 1.4563
855.425874 1.4741
855.40146 1.4679
855.377046 1.4642
855.352632 1.449
855.328217 1.4426
855.303803 1.4588
855.279389 1.4692
855.254975 1.4623
855.230561 1.4723
855.206147 1.4844
855.181733 1.4696
855.157319 1.4529
855.132905 1.4619
855.108491 1.4715
855.084077 1.4618
855.059663 1.4567
855.035249 1.452
855.010835 1.4483
854.986421 1.4515
854.962007 1.4511
854.937592 1.4621
854.913178 1.4729
854.888764 1.4661
854.86435 1.4534
854.839936 1.4532
854.815522 1.4668
854.791108 1.4719
854.766694 1.4582
854.74228 1.4523
854.717866 1.4675
854.693452 1.4697
854.669038 1.4598
854.644624 1.4713
854.62021 1.4873
854.595796 1.4835
854.571382 1.4741
854.546967 1.4695
854.522553 1.4747
854.498139 1.4844
854.473725 1.4783
854.449311 1.4596
854.424897 1.4543
854.400483 1.4617
854.376069 1.4662
854.351655 1.4813
854.327241 1.491
854.302827 1.4854
854.278413 1.4929
854.253999 1.5021
854.229585 1.5096
854.205171 1.52
854.180757 1.5168
854.156342 1.5177
854.131928 1.5317
854.107514 1.5291
854.0831 1.5174
854.058686 1.5154
854.034272 1.5148
854.009858 1.5221
853.985444 1.5372
853.96103 1.5575
853.936616 1.5721
853.912202 1.5637
853.887788 1.5569
853.863374 1.5607
853.83896 1.5506
853.814546 1.5463
853.790132 1.5601
853.765717 1.5626
853.741303 1.5594
853.716889 1.5589
853.692475 1.5717
853.668061 1.5917
853.643647 1.5895
853.619233 1.5834
853.594819 1.5856
853.570405 1.5958
853.545991 1.605
853.521577 1.604
853.497163 1.5959
853.472749 1.5853
853.448335 1.5936
853.423921 1.6125
853.399507 1.6213
853.375092 1.6253
853.350678 1.6278
853.326264 1.6164
853.30185 1.6009
853.277436 1.6006
853.253022 1.6168
853.228608 1.6419
853.204194 1.6387
853.17978 1.6131
853.155366 1.6163
853.130952 1.6268
853.106538 1.6231
853.082124 1.6206
853.05771 1.6135
853.033296 1.6103
853.008882 1.6081
852.984467 1.596
852.960053 1.5932
852.935639 1.59
852.911225 1.5817
852.886811 1.5726
852.862397 1.5509
852.837983 1.5411
852.813569 1.54
852.789155 1.5229
852.764741 1.5069
852.740327 1.4987
852.715913 1.4832
852.691499 1.4668
852.667085 1.4491
852.642671 1.4207
852.618257 1.3925
852.593842 1.3717
852.569428 1.3563
852.545014 1.34
852.5206 1.3188
852.496186 1.2954
852.471772 1.2726
852.447358 1.242
852.422944 1.199
852.39853 1.1631
852.374116 1.1445
852.349702 1.1267
852.325288 1.0946
852.300874 1.0634
852.27646 1.0376
852.252046 1.0055
852.227632 0.9784
852.203217 0.9554
852.178803 0.9257
852.154389 0.8919
852.129975 0.8569
852.105561 0.8273
852.081147 0.8045
852.056733 0.7775
852.032319 0.7478
852.007905 0.7179
851.983491 0.6852
851.959077 0.6579
851.934663 0.6398
851.910249 0.6202
851.885835 0.594
851.861421 0.5681
851.837007 0.5461
851.812592 0.5233
851.788178 0.4988
851.763764 0.4761
851.73935 0.4543
851.714936 0.4364
851.690522 0.424
851.666108 0.4096
851.641694 0.3901
851.61728 0.3708
851.592866 0.354
851.568452 0.3391
851.544038 0.3234
851.519624 0.3088
851.49521 0.2988
851.470796 0.2886
851.446382 0.2752
851.421967 0.2627
851.397553 0.2546
851.373139 0.2454
851.348725 0.233
851.324311 0.2223
851.299897 0.2133
851.275483 0.2049
851.251069 0.196
851.226655 0.1863
851.202241 0.1781
851.177827 0.1712
851.153413 0.1643
851.128999 0.1572
851.104585 0.1503
851.080171 0.1448
851.055757 0.1401
851.031342 0.1343
851.006928 0.1287
850.982514 0.1249
850.9581 0.1215
850.933686 0.1169
850.909272 0.1119
850.884858 0.1074
850.860444 0.1033
850.83603 0.0996
850.811616 0.0957
850.787202 0.0925
850.762788 0.0891
850.738374 0.0847
850.71396 0.0821
850.689546 0.0812
850.665132 0.0793
850.640717 0.0764
850.616303 0.0735
850.591889 0.0711
850.567475 0.0692
850.543061 0.0674
850.518647 0.0656
850.494233 0.064
850.469819 0.0623
850.445405 0.0608
850.420991 0.0596
850.396577 0.0589
850.372163 0.0577
850.347749 0.0557
850.323335 0.0554
850.298921 0.0562
850.274507 0.0551
850.250092 0.0535
850.225678 0.0533
850.201264 0.0531
850.17685 0.0521
850.152436 0.0516
850.128022 0.0511
850.103608 0.0511
850.079194 0.0395
