0.464382
0.618161
0.619207
0.623616
0.628462
0.634004
0.638398
0.643429
0.652622
0.661405
0.669510
0.679072
0.690561
0.701007
0.708850
0.716738
0.727380
0.741382
0.754880
0.771350
0.789050
0.798646
0.811017
0.833732
0.855560
0.872328
0.879918
0.887809
0.907348
0.931921
0.949371
0.959213
0.974369
0.991611
1.010629
1.032248
1.053403
1.077202
1.095534
1.108717
1.129827
1.154326
1.168543
1.178855
1.198853
1.221164
1.242177
1.262062
1.272832
1.292737
1.322433
1.338319
1.352301
1.370401
1.378118
1.384714
1.405331
1.422740
1.429953
1.442108
1.460321
1.481810
1.498202
1.519145
1.543765
1.551600
1.561283
1.589026
1.612368
1.612335
1.606490
1.622274
1.652286
1.669014
1.671999
1.684580
1.712692
1.728150
1.724704
1.733680
1.756361
1.769057
1.775398
1.781245
1.796222
1.821906
1.831098
1.837190
1.847099
1.852247
1.869542
1.891490
1.898721
1.892765
1.891511
1.915979
1.949932
1.965761
1.972495
1.985668
2.002066
2.018027
2.026458
2.018455
2.024468
2.046061
2.047409
2.028316
2.025620
2.049887
2.070436
2.085986
2.107714
2.117319
2.115380
2.128870
2.143065
2.144886
2.143194
2.142339
2.151994
2.155171
2.150649
2.165186
2.185153
2.188283
2.183834
2.194301
2.215830
2.225661
2.219278
2.224402
2.244033
2.251945
2.245745
2.226558
2.216323
2.225573
2.240781
2.248667
2.240387
2.230216
2.233809
2.241571
2.251026
2.259202
2.271059
2.287813
2.279439
2.264477
2.260552
2.262128
2.280532
2.298174
2.295080
2.294413
2.297195
2.287728
2.280625
2.280926
2.282129
2.286414
2.291877
2.295885
2.303997
2.294759
2.282896
2.288819
2.289919
2.295788
2.305740
2.296303
2.288601
2.310817
2.322155
2.305571
2.295845
2.289775
2.280854
2.287027
2.296074
2.291790
2.295932
2.304237
2.297015
2.286740
2.284226
2.290981
2.298949
2.298669
2.286052
2.266106
2.259535
2.256564
2.256558
2.279066
2.286016
2.265762
2.260019
2.260695
2.262216
2.272949
2.273356
2.268898
2.257395
2.245090
2.243898
2.235981
2.233682
2.247801
2.251966
2.242062
2.235987
2.232461
2.229035
2.229045
2.222582
2.204257
2.195877
2.204111
2.212888
2.204539
2.186613
2.180479
2.181741
2.185516
2.187356
2.179360
2.175830
2.185881
2.189239
2.174427
2.149031
2.139312
2.151827
2.164266
2.167701
2.155077
2.134058
2.127374
2.131996
2.121254
2.113052
2.122159
2.122615
2.120382
2.124412
2.123337
2.113969
2.101426
2.090767
2.088964
2.079795
2.061413
2.055866
2.060828
2.071695
2.080525
2.083935
2.079072
2.069816
2.071925
2.072408
2.056465
2.038175
2.037380
2.047149
2.048046
2.040792
2.040162
2.039127
2.028869
2.020702
2.011984
2.008250
2.009638
2.004644
2.005183
2.003275
1.990901
1.987131
1.990018
1.990169
1.995230
1.997455
1.992186
1.994480
1.991265
1.972134
1.957157
1.960454
1.965001
1.954568
1.937537
1.934089
1.958037
1.969315
1.950242
1.936811
1.932116
1.926145
1.914248
1.911894
1.918847
1.914670
1.919360
1.919702
1.894703
1.878469
1.880031
1.884202
1.888868
1.890266
1.886422
1.879039
1.874647
1.875175
1.871544
1.866175
1.862073
1.851884
1.846545
1.851307
1.844990
1.827678
1.821131
1.823021
1.821727
1.819238
1.821598
1.824204
1.827798
1.833066
1.827874
1.822112
1.817497
1.807034
1.796751
1.793884
1.796357
1.789636
1.778523
1.781696
1.786538
1.775693
1.765677
1.762111
1.770381
1.785423
1.779514
1.765776
1.764246
1.769534
1.772720
1.763821
1.756924
1.766566
1.774662
1.764367
1.752027
1.752732
1.753767
1.745648
1.733326
1.729925
1.733884
1.733677
1.725080
1.721862
1.727796
1.732651
1.728141
1.714668
1.717946
1.722947
1.717115
1.714952
1.712973
1.710948
1.701273
1.698763
1.713557
1.725097
1.719300
1.699548
1.699208
1.715956
1.712421
1.698260
1.699781
1.704931
1.700292
1.697168
1.692874
1.689357
1.689132
1.684848
1.691190
1.699857
1.695305
1.692999
1.694866
1.681491
1.656989
1.657323
1.678292
1.687235
1.686741
1.687180
1.686871
1.680932
1.672925
1.676589
1.676742
1.665857
1.665460
1.663313
1.661341
1.672446
1.680220
1.680372
1.677321
1.685358
1.691461
1.676392
1.659979
1.660214
1.671213
1.672311
1.664980
1.665409
1.679439
1.696810
1.699257
1.693031
1.688043
1.677602
1.676626
1.677924
1.674291
1.686822
1.690383
1.674418
1.672646
1.684683
1.685914
1.678794
1.681046
1.680932
1.670661
1.670419
1.675510
1.677037
1.672569
1.666646
1.665182
1.659838
1.663400
1.675618
1.673569
1.659520
1.651780
1.654989
1.660634
1.664353
1.665680
1.663867
1.666270
1.675598
1.679844
1.677422
1.670782
1.662645
1.657343
1.654220
1.653973
1.664592
1.681921
1.679774
1.666689
1.662138
1.665095
1.671943
1.681587
1.694885
1.697231
1.691482
1.697783
1.697542
1.687630
1.693769
1.706901
1.714680
1.715158
1.707419
1.704129
1.709949
1.708277
1.700406
1.696936
1.703305
1.707512
1.700954
1.709068
1.723800
1.719791
1.711828
1.702173
1.695462
1.706201
1.706395
1.697572
1.699564
1.713390
1.722983
1.707405
1.698983
1.707603
1.707595
1.708052
1.711512
1.698833
1.685037
1.680959
1.676092
1.689222
1.698846
1.681298
1.674875
1.688222
1.699820
1.698984
1.685287
1.665884
1.653495
1.646434
1.645391
1.661762
1.671500
1.664635
1.657905
1.663097
1.670330
1.669516
1.680366
1.686090
1.672616
1.669222
1.670946
1.663329
1.656152
1.657984
1.659974
1.651443
1.658524
1.679180
1.679598
1.662562
1.654817
1.667437
1.673870
1.665576
1.661968
1.665663
1.674263
1.678542
1.673826
1.666854
1.656650
1.645511
1.646960
1.661768
1.677870
1.684151
1.677553
1.669470
1.669507
1.673097
1.669875
1.667283
1.667777
1.661271
1.657173
1.659016
1.657153
1.654928
1.662770
1.668845
1.662840
1.660460
1.658018
1.652399
1.660451
1.668783
1.657827
1.652667
1.655365
1.650618
1.648727
1.645835
1.646538
1.650133
1.647876
1.643925
1.643224
1.646764
1.650289
1.651632
1.636035
1.622496
1.639224
1.652257
1.644867
1.633850
1.638496
1.654842
1.652684
1.640592
1.626630
1.618869
1.630453
1.645412
1.655167
1.656109
1.644946
1.635760
1.643588
1.646335
1.633955
1.630660
1.637375
1.642864
1.640475
1.629775
1.639843
1.675132
1.689494
1.679674
1.661040
1.643304
1.643794
1.648331
1.654449
1.664882
1.662856
1.653670
1.657382
1.662672
1.664540
1.678018
1.682520
1.673103
1.660354
1.649971
1.653958
1.655192
1.650997
1.654393
1.652714
1.643073
1.646225
1.656575
1.647145
1.629558
1.624431
1.629120
1.639154
1.648286
1.655046
1.660873
1.661350
1.661517
1.667533
1.670136
1.651803
1.621840
1.615542
1.636054
1.655067
1.661081
1.661126
1.655689
1.650785
1.657691
1.664224
1.657106
1.646991
1.650133
1.653622
1.654486
1.662041
1.667041
1.672632
1.669759
1.671934
1.674405
1.648009
1.631842
1.643499
1.653790
1.659081
1.664473
1.667424
1.669669
1.673617
1.683023
1.690036
1.686249
1.696525
1.699367
1.670585
1.656724
1.654928
1.636604
1.622904
1.631171
1.632640
1.625902
1.636702
1.652135
1.664496
1.662055
1.643891
1.635656
1.641396
1.654542
1.663569
1.664002
1.657765
1.646582
1.640114
1.644195
1.648154
1.642913
1.637832
1.635647
1.636358
1.646573
1.651422
1.641955
1.644219
1.651840
1.649942
1.666638
1.689591
1.684758
1.672798
1.664766
1.647128
1.642456
1.652950
1.652047
1.667792
1.703574
1.720552
1.733138
1.723037
1.673127
1.646513
1.645523
1.646832
1.652313
1.652993
1.654367
1.646367
1.629933
1.620095
1.618692
1.619279
1.624765
1.652409
1.666330
1.636326
1.614586
1.611992
1.599448
1.603891
1.618630
1.617276
1.620054
1.632078
1.643268
1.641557
1.612993
1.578657
1.566710
1.561992
1.555164
1.548036
1.541952
1.552726
1.568153
1.566949
1.564253
1.572638
1.580400
1.580941
1.576562
1.570515
1.561312
1.548659
1.548122
1.561133
1.572496
1.579817
1.571957
1.567557
1.573592
1.564900
1.551918
1.543995
1.543550
1.549609
1.557851
1.563321
1.563073
1.565154
1.564065
1.561387
1.565024
1.563640
1.558729
1.550578
1.541296
1.539127
1.545539
1.553612
1.545432
1.532180
1.532681
1.536087
1.539547
1.548697
1.551410
1.546299
1.547413
1.552919
1.552115
1.543952
1.532635
1.527009
1.536421
1.556621
1.566609
1.564848
1.559837
1.548746
1.546842
1.553576
1.555099
1.563927
1.568150
1.558124
1.557607
1.553487
1.545410
1.550900
1.556025
1.557935
1.560226
1.562601
1.559049
1.553056
1.550398
1.539677
1.532308
1.545895
1.559438
1.557293
1.547832
1.541068
1.543021
1.548687
1.545954
1.540661
1.546317
1.548798
1.549641
1.552051
1.546606
1.545271
1.558004
1.562959
1.555974
1.559731
1.563060
1.561900
1.565907
1.569100
1.561874
1.551508
1.559499
1.568799
1.556947
1.549199
1.558149
1.564910
1.567888
1.571284
1.574471
1.588952
1.597555
1.585380
1.582816
1.589005
1.586050
1.580232
1.575474
1.576452
1.580007
1.581095
1.577358
1.575905
1.586107
1.589513
1.585054
1.583697
1.576214
1.575821
1.590902
1.595482
1.587378
1.586590
1.592320
1.593783
1.592293
1.596802
1.599947
1.597878
1.600111
1.605103
1.611893
1.605111
1.585426
1.588717
1.609790
1.608551
1.590466
1.586404
1.594070
1.598610
1.601775
1.604636
1.606910
1.609905
1.606751
1.606773
1.615766
1.616063
1.612088
1.611576
1.608152
1.614446
1.627215
1.630876
1.632054
1.628493
1.620049
1.616816
1.619544
1.624835
1.625419
1.629207
1.633154
1.641890
1.651650
1.639657
1.626789
1.627316
1.627167
1.621965
1.624611
1.626264
1.623459
1.631701
1.640594
1.642595
1.639299
1.633039
1.629866
1.630369
1.633238
1.637869
1.648669
1.665369
1.664576
1.646976
1.639718
1.646578
1.654969
1.654813
1.652655
1.652668
1.651788
1.652605
1.648056
1.643617
1.644201
1.648100
1.658359
1.653501
1.638208
1.646634
1.668378
1.667978
1.649063
1.638679
1.645788
1.655778
1.647223
1.634040
1.647828
1.662205
1.659375
1.659667
1.660075
1.661104
1.658266
1.653325
1.657132
1.661502
1.659169
1.659899
1.660897
1.656199
1.656464
1.652896
1.643436
1.640017
1.648797
1.663153
1.669306
1.671998
1.669173
1.654531
1.636621
1.630824
1.644008
1.653728
1.659168
1.673639
1.681783
1.670053
1.650029
1.650866
1.663417
1.669342
1.663118
1.646425
1.641523
1.646612
1.651557
1.649114
1.643415
1.642295
1.637993
1.634004
1.640719
1.646061
1.638903
1.640675
1.645251
1.643218
1.644280
1.641311
1.642364
1.642580
1.638409
1.643287
1.638450
1.630756
1.643057
1.651130
1.650601
1.652890
1.644289
1.636503
1.637384
1.631399
1.625966
1.629873
1.647991
1.663491
1.654627
1.639638
1.633612
1.636878
1.637566
1.631893
1.629988
1.635753
1.642314
1.638745
1.635369
1.635181
1.628195
1.630483
1.645693
1.650248
1.644543
1.642920
1.642985
1.629254
1.618669
1.638722
1.667697
1.691339
1.701565
1.682694
1.660355
1.654574
1.651096
1.641273
1.640220
1.652641
1.667849
1.668444
1.649440
1.642414
1.636550
1.613958
1.613152
1.632679
1.635524
1.621825
1.616940
1.623584
1.624825
1.625866
1.629931
1.627314
1.624960
1.629048
1.638291
1.643388
1.624690
1.609600
1.618047
1.619690
1.616942
1.624585
1.629184
1.622735
1.610750
1.598881
1.602406
1.618593
1.630553
1.618748
1.590893
1.590496
1.598981
1.579025
1.563526
1.575505
1.577810
1.571964
1.574030
1.567973
1.567630
1.575220
1.576690
1.582553
1.597695
1.608872
1.606102
1.592503
1.582586
1.573848
1.561602
1.559671
1.560702
1.561974
1.567058
1.568074
1.571362
1.573403
1.580687
1.596631
1.619507
1.663751
1.682498
1.651601
1.620299
1.599871
1.575799
1.558260
1.558045
1.559966
1.556138
1.553526
1.550270
1.546407
1.540342
1.527344
1.533323
1.555129
1.559693
1.549224
1.535946
1.529027
1.518260
1.521311
1.544152
1.545056
1.531316
1.525731
1.521600
1.515053
1.510943
1.503372
1.500778
1.513189
1.509950
1.499223
1.497891
1.483358
1.470905
1.474080
1.480572
1.489111
1.495482
1.491900
1.482054
1.484173
1.489488
1.475856
1.459700
1.455156
1.458105
1.462255
1.459827
1.453139
1.451468
1.463886
1.493140
1.531955
1.551537
1.542688
1.514866
1.509483
1.524850
1.479548
1.430456
1.433883
1.440300
1.435714
1.425573
1.421975
1.424006
1.425885
1.429623
1.435236
1.436111
1.428877
1.419604
1.408968
1.407722
1.419219
1.427578
1.436455
1.444841
1.455259
1.460121
1.445972
1.444798
1.444213
1.418849
1.402098
1.406970
1.406509
1.395915
1.394661
1.397074
1.395817
1.397394
1.397822
1.394395
1.391224
1.389950
1.391251
1.394224
1.390549
1.390034
1.395674
1.392293
1.384923
1.373411
1.364903
1.367759
1.371978
1.368710
1.364745
1.368739
1.366752
1.359790
1.362602
1.360510
1.343807
1.336054
1.343935
1.345195
1.337285
1.336073
1.338645
1.344355
1.346101
1.336119
1.332966
1.337370
1.339283
1.334030
1.328405
1.335843
1.344698
1.341404
1.335524
1.331552
1.327881
1.333369
1.341293
1.336225
1.330858
1.332046
1.331109
1.333858
1.333940
1.331216
1.335836
1.332568
1.326224
1.327631
1.323833
1.331521
1.340605
1.324471
1.312798
1.318184
1.326410
1.333097
1.333951
1.330285
1.325378
1.316599
1.313590
1.319543
1.317709
1.311349
1.304646
1.305019
1.316962
1.319450
1.308818
1.302892
1.311619
1.315448
1.308135
1.309408
1.318385
1.322088
1.314172
1.305990
1.304962
1.302910
1.306043
1.311531
1.306036
1.300552
1.302694
1.306916
1.307874
1.307893
1.311361
1.308980
1.308331
1.317125
1.312080
1.301988
1.309718
1.308805
1.297436
1.302023
1.313588
1.316405
1.314950
1.315537
1.313249
1.310239
1.304568
1.300204
1.310779
1.320992
1.312846
1.302647
1.299865
1.299169
1.303189
1.303185
1.305978
1.314052
1.312042
1.309822
1.317649
1.329959
1.332644
1.321271
1.316912
1.321990
1.324887
1.327643
1.319692
1.303869
1.298224
1.302193
1.309178
1.321464
1.330265
1.330071
1.332003
1.329020
1.331543
1.338915
1.332212
1.329492
1.326233
1.317612
1.317646
1.319196
1.321075
1.323072
1.324792
1.320793
1.309188
1.306600
1.315021
1.322967
1.331776
1.341138
1.348730
1.346791
1.326552
1.312786
1.322512
1.337103
1.340580
1.336331
1.335237
1.337205
1.332716
1.334143
1.338295
1.331059
1.332700
1.339620
1.335458
1.332541
1.335708
1.341757
1.350188
1.348467
1.331724
1.329733
1.347999
1.353421
1.349820
1.354124
1.358632
1.361977
1.369645
1.370672
1.362672
1.357591
1.356139
1.354778
1.351056
1.344692
1.342311
1.341378
1.341331
1.341436
1.340585
1.348903
1.359343
1.365503
1.365424
1.363500
1.369207
1.368932
1.362172
1.362382
1.359169
1.350965
1.347649
1.350681
1.365842
1.376317
1.366418
1.359362
1.362656
1.364289
1.370703
1.381907
1.379433
1.375357
1.383959
1.385956
1.375944
1.374003
1.386487
1.388120
1.389393
1.401881
1.397702
1.390743
1.393990
1.397642
1.402566
1.399891
1.397042
1.395190
1.386992
1.381871
1.381292
1.382347
1.381521
1.387347
1.399948
1.403211
1.399688
1.400357
1.407868
1.411970
1.407973
1.412608
1.422050
1.424522
1.430671
1.431725
1.426924
1.428816
1.427058
1.423314
1.420044
1.421076
1.430733
1.431758
1.432510
1.447973
1.457173
1.453628
1.452759
1.458204
1.466757
1.470160
1.470132
1.464957
1.458125
1.460281
1.465304
1.474195
1.477376
1.469986
1.473796
1.479601
1.473187
1.479897
1.492956
1.499094
1.507087
1.497542
1.484553
1.487820
1.493944
1.504286
1.510126
1.512821
1.523274
1.525461
1.517659
1.509836
1.498999
1.500468
1.510003
1.510412
1.517439
1.524669
1.520689
1.520019
1.529672
1.539865
1.537279
1.532140
1.537272
1.543231
1.543350
1.542883
1.541115
1.534780
1.525292
1.525189
1.540330
1.550898
1.562644
1.575042
1.560043
1.542117
1.555561
1.573523
1.568446
1.558259
1.563450
1.569224
1.562807
1.562009
1.569151
1.592296
1.612643
1.596537
1.576648
1.577809
1.594018
1.603482
1.593424
1.584602
1.587612
1.584112
1.568256
1.564668
1.583722
1.599140
1.596204
1.585770
1.581290
1.592112
1.603868
1.600259
1.589943
1.589734
1.591016
1.589743
1.600076
1.605609
1.604334
1.611480
1.611295
1.606477
1.609636
1.606898
1.603864
1.619912
1.624626
1.615567
1.617781
1.615056
1.618364
1.619187
1.605379
1.611246
1.622337
1.614960
1.614207
1.619553
1.612273
1.605284
1.602195
1.598188
1.605006
1.636559
1.666011
1.664952
1.658723
1.644861
1.617274
1.601403
1.604761
1.603432
1.602150
1.609199
1.610899
1.621435
1.632054
1.630069
1.622541
1.620416
1.619353
1.617310
1.624860
1.632288
1.628228
1.622826
1.625646
1.633244
1.636684
1.629974
1.629369
1.626080
1.616419
1.618509
1.629852
1.638577
1.633441
1.632204
1.638506
1.632278
1.619465
1.618904
1.769189
1.901907
1.743379
1.598065
1.599948
1.641714
1.693254
1.672169
1.630758
1.614766
1.609932
1.613324
1.613567
1.616444
1.617812
1.610964
1.605941
1.611383
1.614069
1.608238
1.611344
1.605909
1.594244
1.600105
1.601746
1.588063
1.590653
1.613272
1.625165
1.622449
1.606563
1.587138
1.582777
1.585929
1.584754
1.579491
1.576726
1.577111
1.579360
1.596177
1.614793
1.612320
1.599379
1.592510
1.585068
1.576723
1.575238
1.570775
1.573332
1.596601
1.615629
1.600435
1.591455
1.601094
1.582324
1.561102
1.563127
1.567114
1.564384
1.559958
1.552456
1.547581
1.552191
1.552087
1.549531
1.552695
1.545805
1.529758
1.531415
1.546082
1.550150
1.539886
1.527479
1.529599
1.534773
1.524010
1.518384
1.531175
1.537778
1.529353
1.522312
1.520222
1.522522
1.517100
1.532816
1.970058
2.338498
1.903038
1.517006
1.519815
1.518630
1.515279
1.512849
1.514220
1.515352
1.510727
1.498218
1.491470
1.502970
1.522190
1.513191
1.497433
1.494903
1.486867
1.488633
1.505806
1.508670
1.490356
1.483555
1.491818
1.487237
1.481651
1.485689
1.492910
1.494458
1.495854
1.483194
1.518789
1.768368
1.843769
1.576055
1.456270
1.474136
1.467911
1.464186
1.448968
1.442566
1.458778
1.469200
1.462314
1.472270
1.484431
1.469608
1.452935
1.461900
1.471520
1.461824
1.456660
1.451994
1.448300
1.451478
1.451078
1.462094
1.472918
1.466132
1.453366
1.453187
1.466789
1.471911
1.458189
1.452350
1.467545
1.469729
1.459843
1.471313
1.487266
1.483471
1.474113
1.469541
1.474705
1.484389
1.478329
1.459637
1.454273
1.461665
1.466215
1.481325
1.490967
1.485355
1.492914
1.502140
1.509565
1.519958
1.516771
1.517664
1.531707
1.529143
1.517354
1.515404
1.514830
1.522112
1.537246
1.557495
1.572090
1.563720
1.556876
1.560695
1.550627
1.546252
1.560107
1.562613
1.559444
1.558852
1.571665
1.591667
1.589477
1.583416
1.585551
1.595815
1.605003
1.604046
1.595884
1.585271
1.593620
1.612540
1.621306
1.625342
1.627850
1.616439
1.600935
1.600608
1.616834
1.641912
1.638695
1.613136
1.616271
1.626830
1.623057
1.620647
1.613491
1.610308
1.608098
1.595969
1.593226
1.589986
1.581673
1.572645
1.550915
1.541067
1.539954
1.522857
1.506859
1.498678
1.483196
1.466817
1.449078
1.420678
1.392543
1.371674
1.356349
1.339964
1.318801
1.295408
1.272608
1.242014
1.198975
1.163053
1.144461
1.126714
1.094605
1.063426
1.037568
1.005468
0.978351
0.955419
0.925700
0.891916
0.856903
0.827290
0.804538
0.777520
0.747834
0.717857
0.685216
0.657907
0.639751
0.620160
0.594019
0.568143
0.546149
0.523330
0.498787
0.476150
0.454260
0.436418
0.424042
0.409635
0.390145
0.370793
0.354035
0.339057
0.323443
0.308837
0.298792
0.288575
0.275154
0.262663
0.254586
0.245367
0.232975
0.222327
0.213314
0.204868
0.195964
0.186335
0.178087
0.171204
0.164300
0.157206
0.150320
0.144834
0.140138
0.134339
0.128650
0.124867
0.121526
0.116857
0.111911
0.107445
0.103339
0.099579
0.095736
0.092507
0.089070
0.084701
0.082093
0.081207
0.079323
0.076359
0.073485
0.071099
0.069242
0.067440
0.065618
0.063989
0.062338
0.060844
0.059610
0.058885
0.057724
0.055668
0.055355
0.056238
0.055143
0.053528
0.053347
0.053078
0.052148
0.051613
0.051142
0.051126
0.039514
