0.464382
0.464382
0.541272
0.618161
0.618684
0.619207
0.621412
0.623616
0.626039
0.628462
0.631233
0.634004
0.636201
0.638398
0.640914
0.643429
0.648026
0.652622
0.657014
0.661405
0.665458
0.669510
0.674291
0.679072
0.684816
0.690561
0.695784
0.701007
0.704929
0.708850
0.712794
0.716738
0.722059
0.727380
0.734381
0.741382
0.748131
0.754880
0.763115
0.771350
0.780200
0.789050
0.793848
0.798646
0.804831
0.811017
0.822375
0.833732
0.844646
0.855560
0.863944
0.872328
0.876123
0.879918
0.883863
0.887809
0.897579
0.907348
0.919635
0.931921
0.940646
0.949371
0.954292
0.959213
0.966791
0.974369
0.982990
0.991611
1.001120
1.010629
1.021438
1.032248
1.042826
1.053403
1.065303
1.077202
1.086368
1.095534
1.102126
1.108717
1.119272
1.129827
1.142076
1.154326
1.161434
1.168543
1.173699
1.178855
1.188854
1.198853
1.210008
1.221164
1.231670
1.242177
1.252120
1.262062
1.267447
1.272832
1.282784
1.292737
1.307585
1.322433
1.330376
1.338319
1.345310
1.352301
1.361351
1.370401
1.374259
1.378118
1.381416
1.384714
1.395023
1.405331
1.414036
1.422740
1.426346
1.429953
1.436030
1.442108
1.451214
1.460321
1.471065
1.481810
1.490006
1.498202
1.508674
1.519145
1.531455
1.543765
1.547683
1.551600
1.556442
1.561283
1.575155
1.589026
1.600697
1.612368
1.612351
1.612335
1.609412
1.606490
1.614382
1.622274
1.637280
1.652286
1.660650
1.669014
1.670507
1.671999
1.678289
1.684580
1.698636
1.712692
1.720421
1.728150
1.726427
1.724704
1.729192
1.733680
1.745021
1.756361
1.762709
1.769057
1.772228
1.775398
1.778322
1.781245
1.788733
1.796222
1.809064
1.821906
1.826502
1.831098
1.834144
1.837190
1.842145
1.847099
1.849673
1.852247
1.860895
1.869542
1.880516
1.891490
1.895106
1.898721
1.895743
1.892765
1.892138
1.891511
1.903745
1.915979
1.932956
1.949932
1.957847
1.965761
1.969128
1.972495
1.979081
1.985668
1.993867
2.002066
2.010047
2.018027
2.022242
2.026458
2.022456
2.018455
2.021462
2.024468
2.035265
2.046061
2.046735
2.047409
2.037863
2.028316
2.026968
2.025620
2.037753
2.049887
2.060161
2.070436
2.078211
2.085986
2.096850
2.107714
2.112516
2.117319
2.116350
2.115380
2.122125
2.128870
2.135968
2.143065
2.143975
2.144886
2.144040
2.143194
2.142767
2.142339
2.147166
2.151994
2.153583
2.155171
2.152910
2.150649
2.157917
2.165186
2.175169
2.185153
2.186718
2.188283
2.186059
2.183834
2.189068
2.194301
2.205065
2.215830
2.220746
2.225661
2.222469
2.219278
2.221840
2.224402
2.234217
2.244033
2.247989
2.251945
2.248845
2.245745
2.236152
2.226558
2.221440
2.216323
2.220948
2.225573
2.233177
2.240781
2.244724
2.248667
2.244527
2.240387
2.235302
2.230216
2.232012
2.233809
2.237690
2.241571
2.246298
2.251026
2.255114
2.259202
2.265131
2.271059
2.279436
2.287813
2.283626
2.279439
2.271958
2.264477
2.262514
2.260552
2.261340
2.262128
2.271330
2.280532
2.289353
2.298174
2.296627
2.295080
2.294747
2.294413
2.295804
2.297195
2.292461
2.287728
2.284177
2.280625
2.280775
2.280926
2.281528
2.282129
2.284272
2.286414
2.289146
2.291877
2.293881
2.295885
2.299941
2.303997
2.299378
2.294759
2.288828
2.282896
2.285858
2.288819
2.289369
2.289919
2.292853
2.295788
2.300764
2.305740
2.301022
2.296303
2.292452
2.288601
2.299709
2.310817
2.316486
2.322155
2.313863
2.305571
2.300708
2.295845
2.292810
2.289775
2.285315
2.280854
2.283940
2.287027
2.291551
2.296074
2.293932
2.291790
2.293861
2.295932
2.300085
2.304237
2.300626
2.297015
2.291878
2.286740
2.285483
2.284226
2.287603
2.290981
2.294965
2.298949
2.298809
2.298669
2.292361
2.286052
2.276079
2.266106
2.262821
2.259535
2.258050
2.256564
2.256561
2.256558
2.267812
2.279066
2.282541
2.286016
2.275889
2.265762
2.262891
2.260019
2.260357
2.260695
2.261456
2.262216
2.267583
2.272949
2.273153
2.273356
2.271127
2.268898
2.263146
2.257395
2.251243
2.245090
2.244494
2.243898
2.239940
2.235981
2.234832
2.233682
2.240741
2.247801
2.249884
2.251966
2.247014
2.242062
2.239025
2.235987
2.234224
2.232461
2.230748
2.229035
2.229040
2.229045
2.225814
2.222582
2.213420
2.204257
2.200067
2.195877
2.199994
2.204111
2.208500
2.212888
2.208713
2.204539
2.195576
2.186613
2.183546
2.180479
2.181110
2.181741
2.183629
2.185516
2.186436
2.187356
2.183358
2.179360
2.177595
2.175830
2.180855
2.185881
2.187560
2.189239
2.181833
2.174427
2.161729
2.149031
2.144171
2.139312
2.145569
2.151827
2.158047
2.164266
2.165984
2.167701
2.161389
2.155077
2.144567
2.134058
2.130716
2.127374
2.129685
2.131996
2.126625
2.121254
2.117153
2.113052
2.117605
2.122159
2.122387
2.122615
2.121499
2.120382
2.122397
2.124412
2.123874
2.123337
2.118653
2.113969
2.107698
2.101426
2.096096
2.090767
2.089866
2.088964
2.084379
2.079795
2.070604
2.061413
2.058639
2.055866
2.058347
2.060828
2.066261
2.071695
2.076110
2.080525
2.082230
2.083935
2.081504
2.079072
2.074444
2.069816
2.070870
2.071925
2.072166
2.072408
2.064437
2.056465
2.047320
2.038175
2.037777
2.037380
2.042264
2.047149
2.047598
2.048046
2.044419
2.040792
2.040477
2.040162
2.039645
2.039127
2.033998
2.028869
2.024786
2.020702
2.016343
2.011984
2.010117
2.008250
2.008944
2.009638
2.007141
2.004644
2.004913
2.005183
2.004229
2.003275
1.997088
1.990901
1.989016
1.987131
1.988574
1.990018
1.990093
1.990169
1.992700
1.995230
1.996342
1.997455
1.994820
1.992186
1.993333
1.994480
1.992873
1.991265
1.981699
1.972134
1.964646
1.957157
1.958805
1.960454
1.962727
1.965001
1.959785
1.954568
1.946052
1.937537
1.935813
1.934089
1.946063
1.958037
1.963676
1.969315
1.959779
1.950242
1.943526
1.936811
1.934464
1.932116
1.929130
1.926145
1.920196
1.914248
1.913071
1.911894
1.915370
1.918847
1.916759
1.914670
1.917015
1.919360
1.919531
1.919702
1.907202
1.894703
1.886586
1.878469
1.879250
1.880031
1.882116
1.884202
1.886535
1.888868
1.889567
1.890266
1.888344
1.886422
1.882731
1.879039
1.876843
1.874647
1.874911
1.875175
1.873360
1.871544
1.868860
1.866175
1.864124
1.862073
1.856979
1.851884
1.849214
1.846545
1.848926
1.851307
1.848148
1.844990
1.836334
1.827678
1.824404
1.821131
1.822076
1.823021
1.822374
1.821727
1.820483
1.819238
1.820418
1.821598
1.822901
1.824204
1.826001
1.827798
1.830432
1.833066
1.830470
1.827874
1.824993
1.822112
1.819805
1.817497
1.812266
1.807034
1.801893
1.796751
1.795317
1.793884
1.795120
1.796357
1.792997
1.789636
1.784080
1.778523
1.780110
1.781696
1.784117
1.786538
1.781115
1.775693
1.770685
1.765677
1.763894
1.762111
1.766246
1.770381
1.777902
1.785423
1.782469
1.779514
1.772645
1.765776
1.765011
1.764246
1.766890
1.769534
1.771127
1.772720
1.768271
1.763821
1.760372
1.756924
1.761745
1.766566
1.770614
1.774662
1.769515
1.764367
1.758197
1.752027
1.752379
1.752732
1.753249
1.753767
1.749707
1.745648
1.739487
1.733326
1.731625
1.729925
1.731904
1.733884
1.733780
1.733677
1.729378
1.725080
1.723471
1.721862
1.724829
1.727796
1.730224
1.732651
1.730396
1.728141
1.721405
1.714668
1.716307
1.717946
1.720446
1.722947
1.720031
1.717115
1.716033
1.714952
1.713963
1.712973
1.711960
1.710948
1.706110
1.701273
1.700018
1.698763
1.706160
1.713557
1.719327
1.725097
1.722199
1.719300
1.709424
1.699548
1.699378
1.699208
1.707582
1.715956
1.714189
1.712421
1.705341
1.698260
1.699021
1.699781
1.702356
1.704931
1.702611
1.700292
1.698730
1.697168
1.695021
1.692874
1.691115
1.689357
1.689245
1.689132
1.686990
1.684848
1.688019
1.691190
1.695523
1.699857
1.697581
1.695305
1.694152
1.692999
1.693932
1.694866
1.688179
1.681491
1.669240
1.656989
1.657156
1.657323
1.667807
1.678292
1.682764
1.687235
1.686988
1.686741
1.686961
1.687180
1.687025
1.686871
1.683902
1.680932
1.676929
1.672925
1.674757
1.676589
1.676665
1.676742
1.671299
1.665857
1.665658
1.665460
1.664386
1.663313
1.662327
1.661341
1.666894
1.672446
1.676333
1.680220
1.680296
1.680372
1.678847
1.677321
1.681339
1.685358
1.688410
1.691461
1.683927
1.676392
1.668186
1.659979
1.660097
1.660214
1.665714
1.671213
1.671762
1.672311
1.668646
1.664980
1.665194
1.665409
1.672424
1.679439
1.688124
1.696810
1.698033
1.699257
1.696144
1.693031
1.690537
1.688043
1.682822
1.677602
1.677114
1.676626
1.677275
1.677924
1.676108
1.674291
1.680557
1.686822
1.688603
1.690383
1.682400
1.674418
1.673532
1.672646
1.678665
1.684683
1.685299
1.685914
1.682354
1.678794
1.679920
1.681046
1.680989
1.680932
1.675797
1.670661
1.670540
1.670419
1.672964
1.675510
1.676274
1.677037
1.674803
1.672569
1.669608
1.666646
1.665914
1.665182
1.662510
1.659838
1.661619
1.663400
1.669509
1.675618
1.674594
1.673569
1.666545
1.659520
1.655650
1.651780
1.653385
1.654989
1.657811
1.660634
1.662494
1.664353
1.665017
1.665680
1.664773
1.663867
1.665068
1.666270
1.670934
1.675598
1.677721
1.679844
1.678633
1.677422
1.674102
1.670782
1.666713
1.662645
1.659994
1.657343
1.655782
1.654220
1.654097
1.653973
1.659282
1.664592
1.673256
1.681921
1.680848
1.679774
1.673231
1.666689
1.664413
1.662138
1.663616
1.665095
1.668519
1.671943
1.676765
1.681587
1.688236
1.694885
1.696058
1.697231
1.694357
1.691482
1.694632
1.697783
1.697663
1.697542
1.692586
1.687630
1.690700
1.693769
1.700335
1.706901
1.710790
1.714680
1.714919
1.715158
1.711288
1.707419
1.705774
1.704129
1.707039
1.709949
1.709113
1.708277
1.704341
1.700406
1.698671
1.696936
1.700121
1.703305
1.705408
1.707512
1.704233
1.700954
1.705011
1.709068
1.716434
1.723800
1.721796
1.719791
1.715809
1.711828
1.707000
1.702173
1.698818
1.695462
1.700832
1.706201
1.706298
1.706395
1.701984
1.697572
1.698568
1.699564
1.706477
1.713390
1.718186
1.722983
1.715194
1.707405
1.703194
1.698983
1.703293
1.707603
1.707599
1.707595
1.707823
1.708052
1.709782
1.711512
1.705172
1.698833
1.691935
1.685037
1.682998
1.680959
1.678526
1.676092
1.682657
1.689222
1.694034
1.698846
1.690072
1.681298
1.678087
1.674875
1.681548
1.688222
1.694021
1.699820
1.699402
1.698984
1.692136
1.685287
1.675585
1.665884
1.659689
1.653495
1.649964
1.646434
1.645913
1.645391
1.653577
1.661762
1.666631
1.671500
1.668068
1.664635
1.661270
1.657905
1.660501
1.663097
1.666714
1.670330
1.669923
1.669516
1.674941
1.680366
1.683228
1.686090
1.679353
1.672616
1.670919
1.669222
1.670084
1.670946
1.667137
1.663329
1.659741
1.656152
1.657068
1.657984
1.658979
1.659974
1.655709
1.651443
1.654984
1.658524
1.668852
1.679180
1.679389
1.679598
1.671080
1.662562
1.658689
1.654817
1.661127
1.667437
1.670654
1.673870
1.669723
1.665576
1.663772
1.661968
1.663815
1.665663
1.669963
1.674263
1.676403
1.678542
1.676184
1.673826
1.670340
1.666854
1.661752
1.656650
1.651080
1.645511
1.646235
1.646960
1.654364
1.661768
1.669819
1.677870
1.681010
1.684151
1.680852
1.677553
1.673512
1.669470
1.669488
1.669507
1.671302
1.673097
1.671486
1.669875
1.668579
1.667283
1.667530
1.667777
1.664524
1.661271
1.659222
1.657173
1.658095
1.659016
1.658085
1.657153
1.656041
1.654928
1.658849
1.662770
1.665808
1.668845
1.665843
1.662840
1.661650
1.660460
1.659239
1.658018
1.655209
1.652399
1.656425
1.660451
1.664617
1.668783
1.663305
1.657827
1.655247
1.652667
1.654016
1.655365
1.652991
1.650618
1.649672
1.648727
1.647281
1.645835
1.646186
1.646538
1.648335
1.650133
1.649004
1.647876
1.645900
1.643925
1.643575
1.643224
1.644994
1.646764
1.648527
1.650289
1.650961
1.651632
1.643833
1.636035
1.629265
1.622496
1.630860
1.639224
1.645741
1.652257
1.648562
1.644867
1.639359
1.633850
1.636173
1.638496
1.646669
1.654842
1.653763
1.652684
1.646638
1.640592
1.633611
1.626630
1.622749
1.618869
1.624661
1.630453
1.637933
1.645412
1.650289
1.655167
1.655638
1.656109
1.650527
1.644946
1.640353
1.635760
1.639674
1.643588
1.644961
1.646335
1.640145
1.633955
1.632308
1.630660
1.634018
1.637375
1.640119
1.642864
1.641669
1.640475
1.635125
1.629775
1.634809
1.639843
1.657488
1.675132
1.682313
1.689494
1.684584
1.679674
1.670357
1.661040
1.652172
1.643304
1.643549
1.643794
1.646062
1.648331
1.651390
1.654449
1.659666
1.664882
1.663869
1.662856
1.658263
1.653670
1.655526
1.657382
1.660027
1.662672
1.663606
1.664540
1.671279
1.678018
1.680269
1.682520
1.677812
1.673103
1.666729
1.660354
1.655163
1.649971
1.651965
1.653958
1.654575
1.655192
1.653094
1.650997
1.652695
1.654393
1.653554
1.652714
1.647893
1.643073
1.644649
1.646225
1.651400
1.656575
1.651860
1.647145
1.638352
1.629558
1.626994
1.624431
1.626775
1.629120
1.634137
1.639154
1.643720
1.648286
1.651666
1.655046
1.657960
1.660873
1.661112
1.661350
1.661434
1.661517
1.664525
1.667533
1.668834
1.670136
1.660969
1.651803
1.636821
1.621840
1.618691
1.615542
1.625798
1.636054
1.645560
1.655067
1.658074
1.661081
1.661104
1.661126
1.658408
1.655689
1.653237
1.650785
1.654238
1.657691
1.660957
1.664224
1.660665
1.657106
1.652049
1.646991
1.648562
1.650133
1.651877
1.653622
1.654054
1.654486
1.658263
1.662041
1.664541
1.667041
1.669836
1.672632
1.671196
1.669759
1.670847
1.671934
1.673169
1.674405
1.661207
1.648009
1.639925
1.631842
1.637671
1.643499
1.648645
1.653790
1.656436
1.659081
1.661777
1.664473
1.665949
1.667424
1.668547
1.669669
1.671643
1.673617
1.678320
1.683023
1.686530
1.690036
1.688143
1.686249
1.691387
1.696525
1.697946
1.699367
1.684976
1.670585
1.663655
1.656724
1.655826
1.654928
1.645766
1.636604
1.629754
1.622904
1.627037
1.631171
1.631906
1.632640
1.629271
1.625902
1.631302
1.636702
1.644419
1.652135
1.658316
1.664496
1.663276
1.662055
1.652973
1.643891
1.639773
1.635656
1.638526
1.641396
1.647969
1.654542
1.659056
1.663569
1.663785
1.664002
1.660883
1.657765
1.652173
1.646582
1.643348
1.640114
1.642155
1.644195
1.646174
1.648154
1.645533
1.642913
1.640373
1.637832
1.636740
1.635647
1.636003
1.636358
1.641466
1.646573
1.648998
1.651422
1.646688
1.641955
1.643087
1.644219
1.648030
1.651840
1.650891
1.649942
1.658290
1.666638
1.678114
1.689591
1.687175
1.684758
1.678778
1.672798
1.668782
1.664766
1.655947
1.647128
1.644792
1.642456
1.647703
1.652950
1.652499
1.652047
1.659919
1.667792
1.685683
1.703574
1.712063
1.720552
1.726845
1.733138
1.728087
1.723037
1.698082
1.673127
1.659820
1.646513
1.646018
1.645523
1.646178
1.646832
1.649573
1.652313
1.652653
1.652993
1.653680
1.654367
1.650367
1.646367
1.638150
1.629933
1.625014
1.620095
1.619394
1.618692
1.618985
1.619279
1.622022
1.624765
1.638587
1.652409
1.659369
1.666330
1.651328
1.636326
1.625456
1.614586
1.613289
1.611992
1.605720
1.599448
1.601669
1.603891
1.611260
1.618630
1.617953
1.617276
1.618665
1.620054
1.626066
1.632078
1.637673
1.643268
1.642412
1.641557
1.627275
1.612993
1.595825
1.578657
1.572684
1.566710
1.564351
1.561992
1.558578
1.555164
1.551600
1.548036
1.544994
1.541952
1.547339
1.552726
1.560439
1.568153
1.567551
1.566949
1.565601
1.564253
1.568445
1.572638
1.576519
1.580400
1.580671
1.580941
1.578752
1.576562
1.573539
1.570515
1.565914
1.561312
1.554985
1.548659
1.548391
1.548122
1.554628
1.561133
1.566814
1.572496
1.576156
1.579817
1.575887
1.571957
1.569757
1.567557
1.570575
1.573592
1.569246
1.564900
1.558409
1.551918
1.547956
1.543995
1.543772
1.543550
1.546579
1.549609
1.553730
1.557851
1.560586
1.563321
1.563197
1.563073
1.564113
1.565154
1.564609
1.564065
1.562726
1.561387
1.563206
1.565024
1.564332
1.563640
1.561184
1.558729
1.554654
1.550578
1.545937
1.541296
1.540211
1.539127
1.542333
1.545539
1.549575
1.553612
1.549522
1.545432
1.538806
1.532180
1.532431
1.532681
1.534384
1.536087
1.537817
1.539547
1.544122
1.548697
1.550053
1.551410
1.548855
1.546299
1.546856
1.547413
1.550166
1.552919
1.552517
1.552115
1.548033
1.543952
1.538293
1.532635
1.529822
1.527009
1.531715
1.536421
1.546521
1.556621
1.561615
1.566609
1.565729
1.564848
1.562342
1.559837
1.554291
1.548746
1.547794
1.546842
1.550209
1.553576
1.554337
1.555099
1.559513
1.563927
1.566038
1.568150
1.563137
1.558124
1.557866
1.557607
1.555547
1.553487
1.549449
1.545410
1.548155
1.550900
1.553462
1.556025
1.556980
1.557935
1.559080
1.560226
1.561414
1.562601
1.560825
1.559049
1.556052
1.553056
1.551727
1.550398
1.545037
1.539677
1.535992
1.532308
1.539102
1.545895
1.552666
1.559438
1.558366
1.557293
1.552563
1.547832
1.544450
1.541068
1.542045
1.543021
1.545854
1.548687
1.547321
1.545954
1.543308
1.540661
1.543489
1.546317
1.547557
1.548798
1.549219
1.549641
1.550846
1.552051
1.549329
1.546606
1.545939
1.545271
1.551638
1.558004
1.560481
1.562959
1.559467
1.555974
1.557853
1.559731
1.561395
1.563060
1.562480
1.561900
1.563903
1.565907
1.567503
1.569100
1.565487
1.561874
1.556691
1.551508
1.555503
1.559499
1.564149
1.568799
1.562873
1.556947
1.553073
1.549199
1.553674
1.558149
1.561530
1.564910
1.566399
1.567888
1.569586
1.571284
1.572877
1.574471
1.581711
1.588952
1.593253
1.597555
1.591468
1.585380
1.584098
1.582816
1.585911
1.589005
1.587527
1.586050
1.583141
1.580232
1.577853
1.575474
1.575963
1.576452
1.578229
1.580007
1.580551
1.581095
1.579226
1.577358
1.576631
1.575905
1.581006
1.586107
1.587810
1.589513
1.587283
1.585054
1.584375
1.583697
1.579956
1.576214
1.576017
1.575821
1.583362
1.590902
1.593192
1.595482
1.591430
1.587378
1.586984
1.586590
1.589455
1.592320
1.593052
1.593783
1.593038
1.592293
1.594548
1.596802
1.598375
1.599947
1.598912
1.597878
1.598994
1.600111
1.602607
1.605103
1.608498
1.611893
1.608502
1.605111
1.595268
1.585426
1.587071
1.588717
1.599254
1.609790
1.609171
1.608551
1.599508
1.590466
1.588435
1.586404
1.590237
1.594070
1.596340
1.598610
1.600192
1.601775
1.603206
1.604636
1.605773
1.606910
1.608407
1.609905
1.608328
1.606751
1.606762
1.606773
1.611270
1.615766
1.615915
1.616063
1.614075
1.612088
1.611832
1.611576
1.609864
1.608152
1.611299
1.614446
1.620831
1.627215
1.629046
1.630876
1.631465
1.632054
1.630273
1.628493
1.624271
1.620049
1.618432
1.616816
1.618180
1.619544
1.622190
1.624835
1.625127
1.625419
1.627313
1.629207
1.631181
1.633154
1.637522
1.641890
1.646770
1.651650
1.645653
1.639657
1.633223
1.626789
1.627053
1.627316
1.627242
1.627167
1.624566
1.621965
1.623288
1.624611
1.625437
1.626264
1.624861
1.623459
1.627580
1.631701
1.636148
1.640594
1.641595
1.642595
1.640947
1.639299
1.636169
1.633039
1.631452
1.629866
1.630117
1.630369
1.631803
1.633238
1.635553
1.637869
1.643269
1.648669
1.657019
1.665369
1.664973
1.664576
1.655776
1.646976
1.643347
1.639718
1.643148
1.646578
1.650774
1.654969
1.654891
1.654813
1.653734
1.652655
1.652662
1.652668
1.652228
1.651788
1.652197
1.652605
1.650330
1.648056
1.645837
1.643617
1.643909
1.644201
1.646151
1.648100
1.653229
1.658359
1.655930
1.653501
1.645854
1.638208
1.642421
1.646634
1.657506
1.668378
1.668178
1.667978
1.658520
1.649063
1.643871
1.638679
1.642234
1.645788
1.650783
1.655778
1.651501
1.647223
1.640632
1.634040
1.640934
1.647828
1.655016
1.662205
1.660790
1.659375
1.659521
1.659667
1.659871
1.660075
1.660589
1.661104
1.659685
1.658266
1.655795
1.653325
1.655228
1.657132
1.659317
1.661502
1.660335
1.659169
1.659534
1.659899
1.660398
1.660897
1.658548
1.656199
1.656331
1.656464
1.654680
1.652896
1.648166
1.643436
1.641726
1.640017
1.644407
1.648797
1.655975
1.663153
1.666230
1.669306
1.670652
1.671998
1.670586
1.669173
1.661852
1.654531
1.645576
1.636621
1.633723
1.630824
1.637416
1.644008
1.648868
1.653728
1.656448
1.659168
1.666403
1.673639
1.677711
1.681783
1.675918
1.670053
1.660041
1.650029
1.650447
1.650866
1.657141
1.663417
1.666380
1.669342
1.666230
1.663118
1.654772
1.646425
1.643974
1.641523
1.644068
1.646612
1.649084
1.651557
1.650335
1.649114
1.646265
1.643415
1.642855
1.642295
1.640144
1.637993
1.635998
1.634004
1.637361
1.640719
1.643390
1.646061
1.642482
1.638903
1.639789
1.640675
1.642963
1.645251
1.644235
1.643218
1.643749
1.644280
1.642796
1.641311
1.641837
1.642364
1.642472
1.642580
1.640494
1.638409
1.640848
1.643287
1.640868
1.638450
1.634603
1.630756
1.636907
1.643057
1.647093
1.651130
1.650866
1.650601
1.651746
1.652890
1.648589
1.644289
1.640396
1.636503
1.636944
1.637384
1.634391
1.631399
1.628683
1.625966
1.627919
1.629873
1.638932
1.647991
1.655741
1.663491
1.659059
1.654627
1.647133
1.639638
1.636625
1.633612
1.635245
1.636878
1.637222
1.637566
1.634730
1.631893
1.630940
1.629988
1.632871
1.635753
1.639034
1.642314
1.640529
1.638745
1.637057
1.635369
1.635275
1.635181
1.631688
1.628195
1.629339
1.630483
1.638088
1.645693
1.647971
1.650248
1.647396
1.644543
1.643731
1.642920
1.642952
1.642985
1.636119
1.629254
1.623962
1.618669
1.628696
1.638722
1.653209
1.667697
1.679518
1.691339
1.696452
1.701565
1.692130
1.682694
1.671524
1.660355
1.657465
1.654574
1.652835
1.651096
1.646184
1.641273
1.640747
1.640220
1.646431
1.652641
1.660245
1.667849
1.668146
1.668444
1.658942
1.649440
1.645927
1.642414
1.639482
1.636550
1.625254
1.613958
1.613555
1.613152
1.622915
1.632679
1.634101
1.635524
1.628675
1.621825
1.619382
1.616940
1.620262
1.623584
1.624204
1.624825
1.625345
1.625866
1.627899
1.629931
1.628623
1.627314
1.626137
1.624960
1.627004
1.629048
1.633669
1.638291
1.640840
1.643388
1.634039
1.624690
1.617145
1.609600
1.613824
1.618047
1.618869
1.619690
1.618316
1.616942
1.620764
1.624585
1.626885
1.629184
1.625960
1.622735
1.616742
1.610750
1.604815
1.598881
1.600643
1.602406
1.610499
1.618593
1.624573
1.630553
1.624650
1.618748
1.604820
1.590893
1.590694
1.590496
1.594739
1.598981
1.589003
1.579025
1.571276
1.563526
1.569516
1.575505
1.576658
1.577810
1.574887
1.571964
1.572997
1.574030
1.571001
1.567973
1.567802
1.567630
1.571425
1.575220
1.575955
1.576690
1.579622
1.582553
1.590124
1.597695
1.603284
1.608872
1.607487
1.606102
1.599302
1.592503
1.587544
1.582586
1.578217
1.573848
1.567725
1.561602
1.560636
1.559671
1.560186
1.560702
1.561338
1.561974
1.564516
1.567058
1.567566
1.568074
1.569718
1.571362
1.572383
1.573403
1.577045
1.580687
1.588659
1.596631
1.608069
1.619507
1.641629
1.663751
1.673125
1.682498
1.667050
1.651601
1.635950
1.620299
1.610085
1.599871
1.587835
1.575799
1.567029
1.558260
1.558152
1.558045
1.559006
1.559966
1.558052
1.556138
1.554832
1.553526
1.551898
1.550270
1.548339
1.546407
1.543375
1.540342
1.533843
1.527344
1.530334
1.533323
1.544226
1.555129
1.557411
1.559693
1.554458
1.549224
1.542585
1.535946
1.532487
1.529027
1.523643
1.518260
1.519786
1.521311
1.532732
1.544152
1.544604
1.545056
1.538186
1.531316
1.528523
1.525731
1.523665
1.521600
1.518327
1.515053
1.512998
1.510943
1.507157
1.503372
1.502075
1.500778
1.506984
1.513189
1.511569
1.509950
1.504586
1.499223
1.498557
1.497891
1.490625
1.483358
1.477132
1.470905
1.472492
1.474080
1.477326
1.480572
1.484841
1.489111
1.492297
1.495482
1.493691
1.491900
1.486977
1.482054
1.483113
1.484173
1.486830
1.489488
1.482672
1.475856
1.467778
1.459700
1.457428
1.455156
1.456630
1.458105
1.460180
1.462255
1.461041
1.459827
1.456483
1.453139
1.452303
1.451468
1.457677
1.463886
1.478513
1.493140
1.512547
1.531955
1.541746
1.551537
1.547112
1.542688
1.528777
1.514866
1.512174
1.509483
1.517167
1.524850
1.502199
1.479548
1.455002
1.430456
1.432170
1.433883
1.437091
1.440300
1.438007
1.435714
1.430643
1.425573
1.423774
1.421975
1.422991
1.424006
1.424946
1.425885
1.427754
1.429623
1.432430
1.435236
1.435674
1.436111
1.432494
1.428877
1.424241
1.419604
1.414286
1.408968
1.408345
1.407722
1.413470
1.419219
1.423399
1.427578
1.432017
1.436455
1.440648
1.444841
1.450050
1.455259
1.457690
1.460121
1.453047
1.445972
1.445385
1.444798
1.444505
1.444213
1.431531
1.418849
1.410474
1.402098
1.404534
1.406970
1.406740
1.406509
1.401212
1.395915
1.395288
1.394661
1.395868
1.397074
1.396446
1.395817
1.396606
1.397394
1.397608
1.397822
1.396108
1.394395
1.392810
1.391224
1.390587
1.389950
1.390601
1.391251
1.392737
1.394224
1.392386
1.390549
1.390292
1.390034
1.392854
1.395674
1.393984
1.392293
1.388608
1.384923
1.379167
1.373411
1.369157
1.364903
1.366331
1.367759
1.369868
1.371978
1.370344
1.368710
1.366728
1.364745
1.366742
1.368739
1.367745
1.366752
1.363271
1.359790
1.361196
1.362602
1.361556
1.360510
1.352159
1.343807
1.339930
1.336054
1.339994
1.343935
1.344565
1.345195
1.341240
1.337285
1.336679
1.336073
1.337359
1.338645
1.341500
1.344355
1.345228
1.346101
1.341110
1.336119
1.334542
1.332966
1.335168
1.337370
1.338326
1.339283
1.336657
1.334030
1.331218
1.328405
1.332124
1.335843
1.340270
1.344698
1.343051
1.341404
1.338464
1.335524
1.333538
1.331552
1.329716
1.327881
1.330625
1.333369
1.337331
1.341293
1.338759
1.336225
1.333541
1.330858
1.331452
1.332046
1.331578
1.331109
1.332483
1.333858
1.333899
1.333940
1.332578
1.331216
1.333526
1.335836
1.334202
1.332568
1.329396
1.326224
1.326928
1.327631
1.325732
1.323833
1.327677
1.331521
1.336063
1.340605
1.332538
1.324471
1.318634
1.312798
1.315491
1.318184
1.322297
1.326410
1.329754
1.333097
1.333524
1.333951
1.332118
1.330285
1.327831
1.325378
1.320988
1.316599
1.315095
1.313590
1.316566
1.319543
1.318626
1.317709
1.314529
1.311349
1.307997
1.304646
1.304832
1.305019
1.310990
1.316962
1.318206
1.319450
1.314134
1.308818
1.305855
1.302892
1.307256
1.311619
1.313534
1.315448
1.311791
1.308135
1.308771
1.309408
1.313896
1.318385
1.320237
1.322088
1.318130
1.314172
1.310081
1.305990
1.305476
1.304962
1.303936
1.302910
1.304477
1.306043
1.308787
1.311531
1.308784
1.306036
1.303294
1.300552
1.301623
1.302694
1.304805
1.306916
1.307395
1.307874
1.307883
1.307893
1.309627
1.311361
1.310170
1.308980
1.308655
1.308331
1.312728
1.317125
1.314602
1.312080
1.307034
1.301988
1.305853
1.309718
1.309261
1.308805
1.303120
1.297436
1.299729
1.302023
1.307805
1.313588
1.314996
1.316405
1.315678
1.314950
1.315244
1.315537
1.314393
1.313249
1.311744
1.310239
1.307403
1.304568
1.302386
1.300204
1.305492
1.310779
1.315885
1.320992
1.316919
1.312846
1.307746
1.302647
1.301256
1.299865
1.299517
1.299169
1.301179
1.303189
1.303187
1.303185
1.304582
1.305978
1.310015
1.314052
1.313047
1.312042
1.310932
1.309822
1.313735
1.317649
1.323804
1.329959
1.331301
1.332644
1.326958
1.321271
1.319092
1.316912
1.319451
1.321990
1.323438
1.324887
1.326265
1.327643
1.323667
1.319692
1.311781
1.303869
1.301046
1.298224
1.300209
1.302193
1.305686
1.309178
1.315321
1.321464
1.325865
1.330265
1.330168
1.330071
1.331037
1.332003
1.330512
1.329020
1.330281
1.331543
1.335229
1.338915
1.335564
1.332212
1.330852
1.329492
1.327862
1.326233
1.321922
1.317612
1.317629
1.317646
1.318421
1.319196
1.320136
1.321075
1.322074
1.323072
1.323932
1.324792
1.322793
1.320793
1.314990
1.309188
1.307894
1.306600
1.310811
1.315021
1.318994
1.322967
1.327371
1.331776
1.336457
1.341138
1.344934
1.348730
1.347761
1.346791
1.336672
1.326552
1.319669
1.312786
1.317649
1.322512
1.329807
1.337103
1.338842
1.340580
1.338456
1.336331
1.335784
1.335237
1.336221
1.337205
1.334960
1.332716
1.333430
1.334143
1.336219
1.338295
1.334677
1.331059
1.331879
1.332700
1.336160
1.339620
1.337539
1.335458
1.334000
1.332541
1.334124
1.335708
1.338732
1.341757
1.345973
1.350188
1.349328
1.348467
1.340095
1.331724
1.330728
1.329733
1.338866
1.347999
1.350710
1.353421
1.351621
1.349820
1.351972
1.354124
1.356378
1.358632
1.360305
1.361977
1.365811
1.369645
1.370159
1.370672
1.366672
1.362672
1.360132
1.357591
1.356865
1.356139
1.355459
1.354778
1.352917
1.351056
1.347874
1.344692
1.343501
1.342311
1.341845
1.341378
1.341355
1.341331
1.341384
1.341436
1.341010
1.340585
1.344744
1.348903
1.354123
1.359343
1.362423
1.365503
1.365463
1.365424
1.364462
1.363500
1.366353
1.369207
1.369070
1.368932
1.365552
1.362172
1.362277
1.362382
1.360775
1.359169
1.355067
1.350965
1.349307
1.347649
1.349165
1.350681
1.358262
1.365842
1.371080
1.376317
1.371367
1.366418
1.362890
1.359362
1.361009
1.362656
1.363473
1.364289
1.367496
1.370703
1.376305
1.381907
1.380670
1.379433
1.377395
1.375357
1.379658
1.383959
1.384958
1.385956
1.380950
1.375944
1.374974
1.374003
1.380245
1.386487
1.387304
1.388120
1.388756
1.389393
1.395637
1.401881
1.399792
1.397702
1.394223
1.390743
1.392367
1.393990
1.395816
1.397642
1.400104
1.402566
1.401228
1.399891
1.398467
1.397042
1.396116
1.395190
1.391091
1.386992
1.384432
1.381871
1.381582
1.381292
1.381819
1.382347
1.381934
1.381521
1.384434
1.387347
1.393648
1.399948
1.401579
1.403211
1.401450
1.399688
1.400022
1.400357
1.404113
1.407868
1.409919
1.411970
1.409971
1.407973
1.410290
1.412608
1.417329
1.422050
1.423286
1.424522
1.427596
1.430671
1.431198
1.431725
1.429324
1.426924
1.427870
1.428816
1.427937
1.427058
1.425186
1.423314
1.421679
1.420044
1.420560
1.421076
1.425905
1.430733
1.431246
1.431758
1.432134
1.432510
1.440241
1.447973
1.452573
1.457173
1.455401
1.453628
1.453193
1.452759
1.455481
1.458204
1.462481
1.466757
1.468459
1.470160
1.470146
1.470132
1.467545
1.464957
1.461541
1.458125
1.459203
1.460281
1.462792
1.465304
1.469749
1.474195
1.475785
1.477376
1.473681
1.469986
1.471891
1.473796
1.476698
1.479601
1.476394
1.473187
1.476542
1.479897
1.486426
1.492956
1.496025
1.499094
1.503090
1.507087
1.502314
1.497542
1.491048
1.484553
1.486187
1.487820
1.490882
1.493944
1.499115
1.504286
1.507206
1.510126
1.511474
1.512821
1.518047
1.523274
1.524367
1.525461
1.521560
1.517659
1.513748
1.509836
1.504417
1.498999
1.499734
1.500468
1.505235
1.510003
1.510207
1.510412
1.513926
1.517439
1.521054
1.524669
1.522679
1.520689
1.520354
1.520019
1.524846
1.529672
1.534768
1.539865
1.538572
1.537279
1.534709
1.532140
1.534706
1.537272
1.540252
1.543231
1.543290
1.543350
1.543117
1.542883
1.541999
1.541115
1.537948
1.534780
1.530036
1.525292
1.525240
1.525189
1.532760
1.540330
1.545614
1.550898
1.556771
1.562644
1.568843
1.575042
1.567543
1.560043
1.551080
1.542117
1.548839
1.555561
1.564542
1.573523
1.570985
1.568446
1.563353
1.558259
1.560855
1.563450
1.566337
1.569224
1.566016
1.562807
1.562408
1.562009
1.565580
1.569151
1.580723
1.592296
1.602469
1.612643
1.604590
1.596537
1.586593
1.576648
1.577228
1.577809
1.585913
1.594018
1.598750
1.603482
1.598453
1.593424
1.589013
1.584602
1.586107
1.587612
1.585862
1.584112
1.576184
1.568256
1.566462
1.564668
1.574195
1.583722
1.591431
1.599140
1.597672
1.596204
1.590987
1.585770
1.583530
1.581290
1.586701
1.592112
1.597990
1.603868
1.602064
1.600259
1.595101
1.589943
1.589838
1.589734
1.590375
1.591016
1.590380
1.589743
1.594909
1.600076
1.602842
1.605609
1.604971
1.604334
1.607907
1.611480
1.611387
1.611295
1.608886
1.606477
1.608056
1.609636
1.608267
1.606898
1.605381
1.603864
1.611888
1.619912
1.622269
1.624626
1.620096
1.615567
1.616674
1.617781
1.616418
1.615056
1.616710
1.618364
1.618775
1.619187
1.612283
1.605379
1.608312
1.611246
1.616791
1.622337
1.618648
1.614960
1.614583
1.614207
1.616880
1.619553
1.615913
1.612273
1.608779
1.605284
1.603740
1.602195
1.600191
1.598188
1.601597
1.605006
1.620783
1.636559
1.651285
1.666011
1.665481
1.664952
1.661837
1.658723
1.651792
1.644861
1.631067
1.617274
1.609339
1.601403
1.603082
1.604761
1.604097
1.603432
1.602791
1.602150
1.605675
1.609199
1.610049
1.610899
1.616167
1.621435
1.626745
1.632054
1.631061
1.630069
1.626305
1.622541
1.621479
1.620416
1.619884
1.619353
1.618332
1.617310
1.621085
1.624860
1.628574
1.632288
1.630258
1.628228
1.625527
1.622826
1.624236
1.625646
1.629445
1.633244
1.634964
1.636684
1.633329
1.629974
1.629672
1.629369
1.627725
1.626080
1.621250
1.616419
1.617464
1.618509
1.624181
1.629852
1.634215
1.638577
1.636009
1.633441
1.632823
1.632204
1.635355
1.638506
1.635392
1.632278
1.625871
1.619465
1.619184
1.618904
1.694046
1.769189
1.835548
1.901907
1.822643
1.743379
1.670722
1.598065
1.599006
1.599948
1.620831
1.641714
1.667484
1.693254
1.682711
1.672169
1.651463
1.630758
1.622762
1.614766
1.612349
1.609932
1.611628
1.613324
1.613446
1.613567
1.615006
1.616444
1.617128
1.617812
1.614388
1.610964
1.608453
1.605941
1.608662
1.611383
1.612726
1.614069
1.611153
1.608238
1.609791
1.611344
1.608627
1.605909
1.600077
1.594244
1.597174
1.600105
1.600926
1.601746
1.594904
1.588063
1.589358
1.590653
1.601962
1.613272
1.619219
1.625165
1.623807
1.622449
1.614506
1.606563
1.596850
1.587138
1.584958
1.582777
1.584353
1.585929
1.585341
1.584754
1.582123
1.579491
1.578108
1.576726
1.576919
1.577111
1.578235
1.579360
1.587769
1.596177
1.605485
1.614793
1.613557
1.612320
1.605850
1.599379
1.595945
1.592510
1.588789
1.585068
1.580896
1.576723
1.575981
1.575238
1.573006
1.570775
1.572053
1.573332
1.584966
1.596601
1.606115
1.615629
1.608032
1.600435
1.595945
1.591455
1.596275
1.601094
1.591709
1.582324
1.571713
1.561102
1.562114
1.563127
1.565120
1.567114
1.565749
1.564384
1.562171
1.559958
1.556207
1.552456
1.550019
1.547581
1.549886
1.552191
1.552139
1.552087
1.550809
1.549531
1.551113
1.552695
1.549250
1.545805
1.537781
1.529758
1.530587
1.531415
1.538749
1.546082
1.548116
1.550150
1.545018
1.539886
1.533683
1.527479
1.528539
1.529599
1.532186
1.534773
1.529392
1.524010
1.521197
1.518384
1.524779
1.531175
1.534477
1.537778
1.533565
1.529353
1.525832
1.522312
1.521267
1.520222
1.521372
1.522522
1.519811
1.517100
1.524958
1.532816
1.751437
1.970058
2.154278
2.338498
2.120768
1.903038
1.710022
1.517006
1.518410
1.519815
1.519222
1.518630
1.516954
1.515279
1.514064
1.512849
1.513535
1.514220
1.514786
1.515352
1.513040
1.510727
1.504472
1.498218
1.494844
1.491470
1.497220
1.502970
1.512580
1.522190
1.517691
1.513191
1.505312
1.497433
1.496168
1.494903
1.490885
1.486867
1.487750
1.488633
1.497219
1.505806
1.507238
1.508670
1.499513
1.490356
1.486956
1.483555
1.487687
1.491818
1.489527
1.487237
1.484444
1.481651
1.483670
1.485689
1.489299
1.492910
1.493684
1.494458
1.495156
1.495854
1.489524
1.483194
1.500992
1.518789
1.643578
1.768368
1.806068
1.843769
1.709912
1.576055
1.516163
1.456270
1.465203
1.474136
1.471023
1.467911
1.466048
1.464186
1.456577
1.448968
1.445767
1.442566
1.450672
1.458778
1.463989
1.469200
1.465757
1.462314
1.467292
1.472270
1.478350
1.484431
1.477019
1.469608
1.461272
1.452935
1.457418
1.461900
1.466710
1.471520
1.466672
1.461824
1.459242
1.456660
1.454327
1.451994
1.450147
1.448300
1.449889
1.451478
1.451278
1.451078
1.456586
1.462094
1.467506
1.472918
1.469525
1.466132
1.459749
1.453366
1.453276
1.453187
1.459988
1.466789
1.469350
1.471911
1.465050
1.458189
1.455269
1.452350
1.459948
1.467545
1.468637
1.469729
1.464786
1.459843
1.465578
1.471313
1.479290
1.487266
1.485368
1.483471
1.478792
1.474113
1.471827
1.469541
1.472123
1.474705
1.479547
1.484389
1.481359
1.478329
1.468983
1.459637
1.456955
1.454273
1.457969
1.461665
1.463940
1.466215
1.473770
1.481325
1.486146
1.490967
1.488161
1.485355
1.489135
1.492914
1.497527
1.502140
1.505853
1.509565
1.514762
1.519958
1.518365
1.516771
1.517218
1.517664
1.524685
1.531707
1.530425
1.529143
1.523249
1.517354
1.516379
1.515404
1.515117
1.514830
1.518471
1.522112
1.529679
1.537246
1.547370
1.557495
1.564793
1.572090
1.567905
1.563720
1.560298
1.556876
1.558785
1.560695
1.555661
1.550627
1.548439
1.546252
1.553179
1.560107
1.561360
1.562613
1.561028
1.559444
1.559148
1.558852
1.565259
1.571665
1.581666
1.591667
1.590572
1.589477
1.586447
1.583416
1.584483
1.585551
1.590683
1.595815
1.600409
1.605003
1.604525
1.604046
1.599965
1.595884
1.590578
1.585271
1.589446
1.593620
1.603080
1.612540
1.616923
1.621306
1.623324
1.625342
1.626596
1.627850
1.622145
1.616439
1.608687
1.600935
1.600772
1.600608
1.608721
1.616834
1.629373
1.641912
1.640303
1.638695
1.625916
1.613136
1.614704
1.616271
1.621551
1.626830
1.624944
1.623057
1.621852
1.620647
1.617069
1.613491
1.611900
1.610308
1.609203
1.608098
1.602034
1.595969
1.594597
1.593226
1.591606
1.589986
1.585830
1.581673
1.577159
1.572645
1.561780
1.550915
1.545991
1.541067
1.540510
1.539954
1.531405
1.522857
1.514858
1.506859
1.502768
1.498678
1.490937
1.483196
1.475007
1.466817
1.457947
1.449078
1.434878
1.420678
1.406611
1.392543
1.382109
1.371674
1.364012
1.356349
1.348156
1.339964
1.329382
1.318801
1.307104
1.295408
1.284008
1.272608
1.257311
1.242014
1.220495
1.198975
1.181014
1.163053
1.153757
1.144461
1.135587
1.126714
1.110660
1.094605
1.079016
1.063426
1.050497
1.037568
1.021518
1.005468
0.991909
0.978351
0.966885
0.955419
0.940559
0.925700
0.908808
0.891916
0.874410
0.856903
0.842097
0.827290
0.815914
0.804538
0.791029
0.777520
0.762677
0.747834
0.732846
0.717857
0.701537
0.685216
0.671562
0.657907
0.648829
0.639751
0.629956
0.620160
0.607090
0.594019
0.581081
0.568143
0.557146
0.546149
0.534739
0.523330
0.511058
0.498787
0.487468
0.476150
0.465205
0.454260
0.445339
0.436418
0.430230
0.424042
0.416839
0.409635
0.399890
0.390145
0.380469
0.370793
0.362414
0.354035
0.346546
0.339057
0.331250
0.323443
0.316140
0.308837
0.303814
0.298792
0.293683
0.288575
0.281865
0.275154
0.268908
0.262663
0.258624
0.254586
0.249976
0.245367
0.239171
0.232975
0.227651
0.222327
0.217821
0.213314
0.209091
0.204868
0.200416
0.195964
0.191149
0.186335
0.182211
0.178087
0.174646
0.171204
0.167752
0.164300
0.160753
0.157206
0.153763
0.150320
0.147577
0.144834
0.142486
0.140138
0.137238
0.134339
0.131494
0.128650
0.126758
0.124867
0.123197
0.121526
0.119192
0.116857
0.114384
0.111911
0.109678
0.107445
0.105392
0.103339
0.101459
0.099579
0.097658
0.095736
0.094121
0.092507
0.090788
0.089070
0.086886
0.084701
0.083397
0.082093
0.081650
0.081207
0.080265
0.079323
0.077841
0.076359
0.074922
0.073485
0.072292
0.071099
0.070170
0.069242
0.068341
0.067440
0.066529
0.065618
0.064803
0.063989
0.063163
0.062338
0.061591
0.060844
0.060227
0.059610
0.059248
0.058885
0.058304
0.057724
0.056696
0.055668
0.055512
0.055355
0.055796
0.056238
0.055691
0.055143
0.054335
0.053528
0.053437
0.053347
0.053212
0.053078
0.052613
0.052148
0.051880
0.051613
0.051377
0.051142
0.051134
0.051126
0.045320
0.039514
