-0.004859
-0.006319
-0.009495
-0.009687
-0.006953
-0.007412
-0.006889
-0.003921
-0.003538
-0.006996
-0.009977
-0.010580
-0.012420
-0.014475
-0.015154
-0.012951
-0.010099
-0.011121
-0.013844
-0.013981
-0.010239
-0.007456
-0.009349
-0.012012
-0.011022
-0.011876
-0.017954
-0.017808
-0.011369
-0.014691
-0.021310
-0.019075
-0.014392
-0.011811
-0.011483
-0.012252
-0.012909
-0.014525
-0.022234
-0.027932
-0.024835
-0.023647
-0.023407
-0.024848
-0.031301
-0.033280
-0.030628
-0.026814
-0.024660
-0.026341
-0.030732
-0.036452
-0.036988
-0.031881
-0.028131
-0.034690
-0.037088
-0.026438
-0.024307
-0.029465
-0.032899
-0.032440
-0.024547
-0.021288
-0.029387
-0.039635
-0.041079
-0.035318
-0.033306
-0.034988
-0.034108
-0.033814
-0.032476
-0.028099
-0.029140
-0.033784
-0.035993
-0.032316
-0.028842
-0.034772
-0.040186
-0.037967
-0.038444
-0.045176
-0.050352
-0.048546
-0.045252
-0.045677
-0.042363
-0.039052
-0.040927
-0.042070
-0.043228
-0.043526
-0.044614
-0.047485
-0.049213
-0.049628
-0.051139
-0.057197
-0.058953
-0.048722
-0.037358
-0.040552
-0.054300
-0.061642
-0.060744
-0.060587
-0.057828
-0.048140
-0.042453
-0.047134
-0.052507
-0.052702
-0.054975
-0.056278
-0.052204
-0.052576
-0.056237
-0.059599
-0.059979
-0.052163
-0.047685
-0.051475
-0.051725
-0.045037
-0.034947
-0.029360
-0.039318
-0.055220
-0.054509
-0.048911
-0.053612
-0.051438
-0.044522
-0.041236
-0.045333
-0.046380
-0.033989
-0.033754
-0.040656
-0.040461
-0.043504
-0.049966
-0.049778
-0.045947
-0.052549
-0.055688
-0.049299
-0.042115
-0.039439
-0.045364
-0.048808
-0.046605
-0.046730
-0.050936
-0.047540
-0.049969
-0.067976
-0.070681
-0.053615
-0.043270
-0.047992
-0.055917
-0.058407
-0.061669
-0.067739
-0.064661
-0.056254
-0.052165
-0.052683
-0.052254
-0.052751
-0.059278
-0.058736
-0.048962
-0.046350
-0.058010
-0.062361
-0.052552
-0.052873
-0.059061
-0.059549
-0.063379
-0.061890
-0.052830
-0.055852
-0.062778
-0.063648
-0.058927
-0.047999
-0.044645
-0.050441
-0.049565
-0.047915
-0.056433
-0.061591
-0.059671
-0.057020
-0.052125
-0.046121
-0.051206
-0.058601
-0.056026
-0.058295
-0.058489
-0.052278
-0.049085
-0.040195
-0.035324
-0.043955
-0.054427
-0.053939
-0.042611
-0.039481
-0.049781
-0.060551
-0.063528
-0.058897
-0.050492
-0.053620
-0.061048
-0.063330
-0.065714
-0.057469
-0.050632
-0.046620
-0.041074
-0.050170
-0.051920
-0.032411
-0.028580
-0.044504
-0.052553
-0.054603
-0.059974
-0.066978
-0.066725
-0.060083
-0.056907
-0.053297
-0.049608
-0.047245
-0.040821
-0.039424
-0.034860
-0.030266
-0.042998
-0.047408
-0.040659
-0.041298
-0.043911
-0.041988
-0.039961
-0.043041
-0.046282
-0.045606
-0.046168
-0.048167
-0.044567
-0.042207
-0.043377
-0.036628
-0.029719
-0.030308
-0.034929
-0.042585
-0.046851
-0.045983
-0.041636
-0.045301
-0.047389
-0.040344
-0.041180
-0.039814
-0.034527
-0.030331
-0.026058
-0.033170
-0.040770
-0.031344
-0.025425
-0.034020
-0.039105
-0.039440
-0.040415
-0.034917
-0.024557
-0.016584
-0.012405
-0.016800
-0.019118
-0.015906
-0.018398
-0.022412
-0.024956
-0.025020
-0.020496
-0.015662
-0.016023
-0.018009
-0.017970
-0.021818
-0.025362
-0.020897
-0.018581
-0.018785
-0.015783
-0.018390
-0.022286
-0.017587
-0.012008
-0.010440
-0.012432
-0.014021
-0.009750
-0.013347
-0.026736
-0.030902
-0.022067
-0.014463
-0.019734
-0.022980
-0.011729
-0.004614
-0.003603
-0.005718
-0.007779
-0.001596
0.002525
0.004340
-0.002524
-0.012932
-0.012941
-0.011299
-0.006965
-0.004230
-0.004494
0.003496
0.003323
-0.007549
-0.008786
-0.010130
-0.013860
-0.011554
-0.008269
0.000989
0.006369
0.003690
0.004698
0.007724
0.006321
0.001539
0.002711
0.003644
0.001740
-0.003142
-0.004703
-0.000907
-0.000888
0.000786
0.001289
0.002888
0.002400
-0.006992
-0.011147
-0.004473
0.006069
0.009075
0.004361
0.003112
0.006686
0.011322
0.012477
0.012981
0.013008
0.008872
0.013535
0.022467
0.014497
0.002142
0.006404
0.021567
0.024819
0.012383
0.004758
0.009652
0.011801
0.007265
0.009422
0.010176
0.007741
0.013293
0.023310
0.024612
0.016160
0.008974
0.007980
0.016393
0.023645
0.026667
0.028864
0.027763
0.027895
0.028259
0.031379
0.031685
0.030087
0.034166
0.030237
0.022996
0.021338
0.022843
0.028842
0.033648
0.036226
0.031427
0.022386
0.024750
0.030537
0.032232
0.032179
0.027466
0.026962
0.034922
0.042109
0.041162
0.033459
0.033768
0.040569
0.039458
0.034941
0.036416
0.045006
0.046509
0.040673
0.047059
0.056040
0.052684
0.039717
0.034100
0.041257
0.039305
0.039830
0.053754
0.054442
0.042639
0.031379
0.026400
0.027690
0.026622
0.035472
0.043801
0.042326
0.048621
0.049312
0.038196
0.036209
0.047224
0.050922
0.048822
0.053316
0.048220
0.034735
0.031471
0.038027
0.042234
0.036456
0.035455
0.039706
0.033337
0.027500
0.030957
0.034382
0.035581
0.032345
0.034535
0.047963
0.052453
0.046466
0.036530
0.034659
0.048633
0.049836
0.035351
0.031008
0.034194
0.040188
0.047779
0.047132
0.038119
0.031192
0.033272
0.037152
0.037265
0.036884
0.039230
0.045441
0.040915
0.026788
0.021949
0.027408
0.038320
0.033288
0.013749
0.015234
0.026492
0.023607
0.020347
0.018601
0.019838
0.022550
0.018300
0.013582
0.014856
0.024836
0.032826
0.028250
0.023997
0.031870
0.035221
0.029795
0.025264
0.020351
0.020558
0.022828
0.018181
0.017764
0.024684
0.029064
0.031348
0.033037
0.027051
0.016969
0.018025
0.024739
0.024267
0.021470
0.022311
0.028323
0.033859
0.029177
0.023215
0.022529
0.020223
0.017227
0.015014
0.014366
0.009361
0.000388
0.000861
0.002172
0.004784
0.012037
0.008513
0.001805
0.000234
-0.001962
0.001382
0.012074
0.012321
0.004270
0.000490
-0.000398
0.000028
0.000131
0.002319
-0.004471
-0.014987
-0.010611
-0.004248
-0.001850
0.000082
-0.004953
-0.011662
-0.011947
-0.005470
0.000104
-0.003443
-0.005386
-0.004663
-0.011823
-0.015570
-0.016714
-0.023911
-0.024583
-0.017299
-0.017037
-0.027522
-0.032131
-0.028750
-0.029037
-0.031276
-0.033915
-0.032232
-0.026479
-0.019761
-0.013887
-0.014433
-0.019209
-0.024965
-0.026603
-0.024938
-0.027534
-0.033848
-0.037328
-0.032045
-0.026006
-0.029242
-0.033024
-0.031933
-0.031493
-0.036981
-0.042884
-0.039400
-0.037672
-0.038894
-0.032160
-0.032459
-0.036101
-0.037685
-0.044900
-0.042471
-0.039751
-0.045079
-0.042185
-0.036323
-0.041654
-0.046452
-0.043272
-0.048543
-0.055907
-0.051310
-0.049552
-0.051385
-0.050671
-0.051155
-0.047460
-0.049299
-0.052365
-0.048769
-0.047664
-0.050153
-0.054340
-0.052695
-0.053834
-0.060480
-0.055878
-0.046473
-0.044859
-0.048831
-0.051573
-0.051845
-0.057693
-0.065116
-0.067809
-0.069603
-0.063922
-0.056435
-0.054226
-0.056653
-0.065106
-0.062165
-0.053264
-0.053099
-0.055417
-0.061737
-0.064534
-0.065643
-0.069163
-0.069119
-0.074181
-0.075694
-0.064335
-0.056357
-0.064295
-0.077668
-0.080639
-0.079686
-0.085780
-0.085123
-0.071859
-0.064645
-0.068117
-0.076257
-0.082174
-0.079570
-0.079154
-0.085496
-0.084554
-0.080859
-0.080553
-0.080464
-0.079566
-0.080532
-0.086658
-0.087762
-0.082202
-0.072338
-0.070171
-0.078862
-0.088531
-0.101952
-0.108316
-0.099409
-0.088810
-0.087169
-0.085913
-0.088967
-0.090944
-0.087230
-0.086402
-0.086418
-0.088702
-0.080752
-0.070733
-0.076835
-0.085147
-0.078624
-0.069840
-0.070132
-0.068921
-0.065373
-0.065710
-0.064635
-0.068084
-0.073952
-0.070795
-0.073312
-0.080306
-0.081088
-0.069581
-0.056899
-0.056705
-0.058030
-0.063961
-0.069285
-0.067160
-0.059685
-0.050386
-0.057045
-0.070060
-0.070627
-0.066143
-0.063197
-0.069713
-0.078290
-0.071861
-0.066632
-0.078841
-0.084659
-0.073563
-0.061250
-0.054821
-0.057524
-0.071497
-0.085401
-0.069710
-0.051132
-0.059034
-0.066690
-0.061373
-0.061616
-0.073620
-0.072992
-0.071536
-0.065958
-0.052862
-0.058705
-0.062891
-0.059819
-0.056479
-0.057907
-0.065212
-0.065555
-0.065001
-0.058268
-0.047083
-0.044233
-0.048003
-0.051059
-0.057883
-0.067845
-0.065034
-0.050480
-0.036103
-0.033194
-0.041567
-0.049188
-0.045729
-0.039603
-0.042835
-0.046024
-0.043274
-0.035430
-0.029816
-0.033758
-0.038055
-0.040690
-0.037811
-0.028900
-0.028626
-0.029223
-0.026987
-0.033787
-0.039572
-0.035393
-0.028319
-0.027978
-0.031955
-0.026957
-0.017676
-0.018670
-0.021811
-0.021388
-0.029161
-0.032719
-0.022893
-0.016943
-0.017574
-0.018403
-0.017846
-0.008961
-0.001826
-0.010958
-0.019820
-0.020207
-0.022407
-0.017318
-0.012787
-0.020504
-0.022880
-0.021815
-0.019443
-0.016588
-0.020233
-0.019455
-0.018263
-0.023258
-0.022034
-0.013308
-0.010601
-0.016750
-0.019456
-0.014858
-0.009024
-0.009480
-0.013449
-0.010310
-0.006015
-0.009121
-0.009041
-0.002359
-0.002526
-0.003249
-0.001414
-0.002570
0.001760
0.002732
-0.002516
-0.000978
0.002614
0.000963
-0.002464
-0.006263
-0.006740
-0.000000
0.003223
-0.000171
0.001585
0.004234
-0.000510
0.002852
0.011962
0.007973
0.003012
-0.000187
-0.009674
-0.009109
0.001446
0.006577
0.009204
0.013364
0.015811
0.020782
0.024418
0.018769
0.011861
0.009986
0.009935
0.011602
0.008167
0.005680
0.017908
0.024458
0.019802
0.013963
0.004866
-0.001684
0.007155
0.020290
0.019296
0.017868
0.019500
0.011650
0.000216
0.001599
0.015475
0.025859
0.024336
0.017364
0.011205
0.006758
0.007333
0.011577
0.012861
0.009706
0.009601
0.018372
0.017854
0.006176
0.010657
0.025245
0.027588
0.022586
0.020979
0.022347
0.027425
0.030370
0.029265
0.026270
0.017485
0.015132
0.021881
0.021889
0.018944
0.015207
0.008948
0.014214
0.021487
0.011942
0.007352
0.016453
0.020260
0.019433
0.017420
0.012147
0.006391
0.006439
0.011009
0.018962
0.020948
0.013352
0.009312
0.010447
0.017555
0.024539
0.029260
0.032006
0.021121
0.010331
0.014513
0.022131
0.023922
0.022592
0.020916
0.018071
0.022943
0.032136
0.027514
0.016960
0.017422
0.017059
0.009239
0.009125
0.018173
0.028804
0.034094
0.028684
0.020463
0.019768
0.021982
0.015275
0.012637
0.031259
0.045317
0.038200
0.029459
0.025926
0.031593
0.036887
0.025133
0.013914
0.016068
0.022958
0.025491
0.023843
0.019102
0.013819
0.015657
0.021582
0.035693
0.045622
0.032716
0.020765
0.023685
0.027060
0.022611
0.015967
0.015375
0.019648
0.025184
0.026270
0.017490
0.016736
0.024504
0.023163
0.020112
0.024881
0.034856
0.023846
-0.000364
-0.000045
0.011955
0.010414
0.011130
0.024252
0.026519
0.017624
0.020646
0.025336
0.014711
0.012590
0.017751
0.014735
0.012030
0.008734
0.002217
-0.005303
-0.000177
0.012308
0.014655
0.009141
0.003689
0.004412
0.004532
0.003737
0.013060
0.019064
0.014900
0.012223
0.006557
0.001044
0.001614
0.002223
0.009648
0.018310
0.010399
0.003742
0.012268
0.019554
0.016321
0.010193
0.007058
0.004106
0.005334
0.006855
0.004908
0.006320
0.010165
0.009242
0.004716
0.004904
0.009639
0.009700
0.003543
0.001065
0.004388
0.012288
0.012546
-0.002362
-0.017185
-0.017578
-0.006604
-0.002915
-0.003396
0.003411
0.006564
-0.003455
-0.010670
-0.002517
0.006869
0.002353
-0.008897
-0.008840
-0.006327
-0.011069
-0.006312
0.005060
0.005246
0.003715
0.003212
-0.001629
-0.009413
-0.020355
-0.028148
-0.023415
-0.012792
-0.017214
-0.019320
-0.010738
-0.008058
-0.007101
0.003146
0.023508
0.012202
-0.020274
-0.023514
-0.018597
-0.014040
-0.003852
-0.003850
-0.016653
-0.030018
-0.027865
-0.018027
-0.012395
-0.011171
-0.012430
-0.007264
-0.001981
-0.009492
-0.016880
-0.012512
-0.012250
-0.016086
-0.015135
-0.021075
-0.028623
-0.029523
-0.024645
-0.014974
-0.006980
-0.005903
0.001288
0.025247
0.034104
0.027331
0.012888
-0.000330
0.018605
0.022561
-0.002617
-0.011721
-0.006213
-0.003807
-0.009521
-0.009081
-0.005704
-0.009963
-0.013360
-0.011084
-0.009013
-0.015131
-0.024139
-0.026091
-0.021226
-0.017102
-0.012476
-0.006230
-0.016456
-0.032631
-0.031246
-0.026368
-0.027545
-0.027449
-0.024054
-0.021197
-0.024830
-0.024509
-0.006552
0.019402
0.030608
0.020729
0.002718
-0.008267
-0.008109
-0.006175
-0.005995
-0.015226
-0.018446
-0.004692
-0.010702
-0.029041
-0.025667
-0.021632
-0.029493
-0.029809
-0.017585
-0.009594
-0.016454
-0.022950
-0.024284
-0.025130
-0.027309
-0.029703
-0.027447
-0.021324
-0.019397
-0.030251
-0.038166
-0.034123
-0.032528
-0.036257
-0.032141
-0.021416
-0.019988
-0.014903
-0.004118
-0.008765
-0.021614
-0.028690
-0.026001
-0.020693
-0.023607
-0.034656
-0.041708
-0.033747
-0.018690
-0.017129
-0.026243
-0.016810
-0.010400
-0.017948
-0.027631
-0.060400
-0.076309
-0.039434
0.025351
0.062328
0.024239
-0.053506
-0.075196
-0.043008
-0.026946
-0.023347
-0.029270
-0.033826
-0.025228
-0.023505
-0.031011
-0.031602
-0.023222
-0.019176
-0.022765
-0.021622
-0.014146
-0.011579
-0.021039
-0.019323
0.012230
0.022403
-0.004053
-0.028272
-0.046374
-0.065057
-0.056001
-0.025157
-0.017313
-0.022533
-0.023250
-0.018117
-0.013701
-0.016462
-0.014320
-0.009376
-0.007376
-0.004328
-0.003665
-0.011945
-0.025347
-0.035028
-0.034905
-0.025420
-0.018707
-0.021842
-0.022147
-0.014594
-0.008187
-0.003110
-0.007247
-0.020228
-0.026913
-0.024138
-0.012373
-0.006142
-0.011822
-0.013319
-0.007370
-0.008169
-0.017267
-0.017841
-0.008490
-0.003295
-0.006229
-0.011972
-0.014875
-0.013270
-0.013100
-0.016587
-0.021430
-0.018991
-0.014744
-0.016972
-0.018412
-0.015880
-0.011172
-0.010467
-0.007029
-0.000254
0.002339
-0.001885
-0.007988
-0.016476
-0.032610
-0.037205
-0.019196
-0.007438
-0.017023
-0.018363
-0.012314
-0.012747
-0.015123
-0.016621
-0.015231
-0.015932
-0.017149
-0.025505
-0.032408
-0.025235
-0.016549
-0.015057
-0.018197
-0.015606
-0.008974
-0.008108
-0.011048
-0.017928
-0.028492
-0.026477
-0.014459
-0.010651
-0.009909
-0.014348
-0.022526
-0.016524
-0.014665
-0.018492
-0.016415
-0.022982
-0.024429
-0.020090
-0.022536
-0.020065
-0.017328
-0.024876
-0.028343
-0.021423
-0.016633
-0.018540
-0.021963
-0.024574
-0.028682
-0.028174
-0.023539
-0.027825
-0.036521
-0.033690
-0.029670
-0.030561
-0.027403
-0.025406
-0.024000
-0.025636
-0.033981
-0.038455
-0.033927
-0.030707
-0.032640
-0.028369
-0.020404
-0.023522
-0.031241
-0.033281
-0.031619
-0.029524
-0.028531
-0.030190
-0.039023
-0.046582
-0.046426
-0.044121
-0.044344
-0.044542
-0.038958
-0.036709
-0.044140
-0.048194
-0.047279
-0.043421
-0.034417
-0.028427
-0.030810
-0.035166
-0.035077
-0.035666
-0.035816
-0.035332
-0.034081
-0.036148
-0.046564
-0.044214
-0.036617
-0.039096
-0.033247
-0.026218
-0.027154
-0.032030
-0.037271
-0.034307
-0.031102
-0.034413
-0.036545
-0.031746
-0.027491
-0.024339
-0.020583
-0.026927
-0.036245
-0.032960
-0.029739
-0.044591
-0.055530
-0.048221
-0.037258
-0.033304
-0.031835
-0.028100
-0.033804
-0.040331
-0.034580
-0.024244
-0.016478
-0.016069
-0.024730
-0.029842
-0.031385
-0.033886
-0.032564
-0.036363
-0.035843
-0.030368
-0.033695
-0.034981
-0.027652
-0.020185
-0.018451
-0.019883
-0.026762
-0.030834
-0.026049
-0.018688
-0.014519
-0.020482
-0.024959
-0.018480
-0.013681
-0.015517
-0.013522
-0.009454
-0.006934
-0.000118
-0.000786
-0.011882
-0.014508
-0.009257
-0.005296
-0.004023
-0.007141
-0.001709
0.011175
0.007265
-0.000152
-0.002480
-0.003727
0.006844
0.006644
-0.003608
0.001202
0.006725
0.003997
0.005583
0.009083
0.009864
0.013774
0.021413
0.022580
0.014969
0.013748
0.017619
0.018298
0.017185
0.020326
0.028223
0.026464
0.024238
0.033836
0.034065
0.027838
0.028681
0.027940
0.027981
0.029644
0.029321
0.029730
0.032394
0.033488
0.030058
0.030587
0.034875
0.032965
0.035311
0.039656
0.036492
0.035865
0.037809
0.036992
0.034851
0.039052
0.044668
0.046820
0.045132
0.036699
0.034417
0.036328
0.035838
0.038524
0.043503
0.048510
0.049967
0.045944
0.043924
0.047300
0.048787
0.050247
0.052237
0.057060
0.064066
0.057089
0.044239
0.043610
0.048810
0.051135
0.051225
0.053921
0.053582
0.047324
0.048450
0.050607
0.048882
0.058284
0.071941
0.065137
0.050938
0.052464
0.053141
0.050666
0.051624
0.052304
0.056497
0.056235
0.049788
0.051803
0.060226
0.060851
0.060768
0.062175
0.058570
0.059882
0.066558
0.072682
0.074532
0.064676
0.050963
0.047544
0.047525
0.047041
0.054649
0.058418
0.051930
0.048168
0.045038
0.043216
0.049013
0.052997
0.049476
0.050682
0.059850
0.062159
0.062781
0.071402
0.071361
0.058011
0.053158
0.057280
0.053263
0.046308
0.043195
0.043450
0.044260
0.044307
0.050358
0.053163
0.046337
0.048700
0.055785
0.053772
0.054055
0.049772
0.041854
0.045750
0.054070
0.056752
0.051112
0.045278
0.043583
0.041568
0.043396
0.045471
0.044294
0.045826
0.045414
0.046709
0.046651
0.042487
0.039843
0.031648
0.030819
0.046654
0.068896
0.069269
0.052509
0.051252
0.049360
0.042114
0.041877
0.047578
0.051962
0.048855
0.040080
0.033948
0.033448
0.031953
0.032363
0.029651
0.029492
0.037908
0.017034
-0.010850
0.016668
0.051321
0.050434
0.038477
0.028925
0.031452
0.039589
0.045462
0.048207
0.043876
0.036722
0.037979
0.041842
0.037973
0.037507
0.039891
0.037711
0.031776
0.021030
0.012779
0.019925
0.031455
0.028031
0.024706
0.029132
0.030297
0.028127
0.026190
0.019213
0.008540
0.010583
0.018966
0.023495
0.030497
0.036801
0.032882
0.025030
0.040690
0.055860
0.036980
0.024542
0.021697
0.005787
-0.007171
-0.003290
0.014582
0.025727
0.024191
0.019646
0.017295
0.018370
0.018031
0.013484
0.007717
0.012996
0.024830
0.024981
0.013465
0.008469
0.016401
0.021529
0.026110
0.030909
0.024397
0.014590
0.018367
0.029615
0.031708
0.027560
0.021961
0.018639
0.023079
0.024795
0.021760
0.017009
0.006339
0.009948
0.032584
0.039808
0.021099
0.010302
0.016572
0.016898
0.018252
0.024112
0.021230
0.020778
0.024413
0.021611
0.012604
0.007183
0.019371
0.032209
0.038844
0.040509
0.026213
0.014045
0.018876
0.031293
0.028448
0.010928
0.014849
0.031825
0.030149
0.028883
0.033111
0.025201
0.021886
0.029182
0.027847
0.019480
0.014418
0.008904
0.014533
0.019670
0.017252
0.020823
0.021736
0.013697
0.016431
0.008334
0.053747
0.889662
1.519537
0.668878
-0.003552
0.024945
0.021415
0.017977
0.017997
0.019953
0.016063
0.019468
0.022296
0.019767
0.017169
0.019965
0.022612
0.019349
0.018881
0.021531
0.021802
0.022417
0.023450
0.024189
0.019970
0.013539
0.008007
0.001503
0.001306
0.009617
0.020255
0.020414
0.018767
0.008422
-0.084985
-0.126682
-0.032200
0.021438
0.021750
0.020204
0.015683
0.021267
0.026479
0.019329
0.016395
0.028951
0.040797
0.039239
0.027113
0.022873
0.027229
0.029690
0.021425
0.008132
0.008347
0.018364
0.029167
0.034284
0.028101
0.022553
0.023039
0.023163
0.013518
0.000601
0.000212
0.006588
0.013793
0.018533
0.019955
0.018655
0.009916
0.002358
0.007281
0.015556
0.016988
0.014405
0.012309
0.016253
0.021162
0.020482
0.020558
0.020853
0.017266
0.010876
0.005515
0.010895
0.025363
0.023605
0.010452
0.015283
0.018797
0.008284
0.006928
0.014592
0.020585
0.019032
0.014646
0.012674
0.009841
0.008717
0.011569
0.013108
0.005756
0.005395
0.020183
0.027124
0.019489
0.012670
0.015057
0.020434
0.018373
0.016864
0.018823
0.018401
0.021345
0.024892
0.024978
0.024435
0.022438
0.016656
0.014044
0.012522
0.007067
0.006082
0.014173
0.020019
0.016845
0.018743
0.025354
0.024472
0.017768
0.016680
0.024455
0.027988
0.025059
0.021221
0.019997
0.027178
0.033047
0.031457
0.030097
0.034073
0.036099
0.034819
0.036865
0.035142
0.029032
0.027528
0.028303
0.023297
0.015594
0.007946
0.003214
0.008226
0.011140
0.006122
0.015653
0.031039
0.029004
0.020509
0.018363
0.016641
0.013281
0.019111
0.027845
0.029790
0.025255
0.013724
0.006939
0.010530
0.016650
0.019397
0.018855
0.020486
0.023249
0.023922
0.020603
0.016240
0.014162
0.011755
0.008799
0.010179
0.014117
0.012634
0.010328
0.011530
0.011364
0.010356
0.009814
0.010141
0.011712
0.012733
0.015212
0.015931
0.013101
0.012589
0.012694
0.011529
0.011216
0.009139
0.006555
0.008312
0.009902
0.008301
0.008377
0.008641
0.007556
0.007237
0.005557
0.005066
0.007245
0.006962
0.005187
0.005033
0.005275
0.004906
0.004579
0.004780
0.004180
0.003844
0.004304
0.003963
0.003693
0.003026
0.002498
0.003294
0.003641
0.003398
0.003361
0.002844
0.002786
0.003422
0.003201
0.002560
0.001741
0.001203
0.002132
0.002702
0.001897
0.001590
0.002226
0.002487
0.001869
0.001584
0.001871
0.001931
0.001918
0.001913
0.001712
0.001579
0.001079
0.000577
0.001351
0.001730
0.000943
0.001084
0.001549
0.000949
