-0.004859
-0.004859
-0.005589
-0.006319
-0.007907
-0.009495
-0.009591
-0.009687
-0.008320
-0.006953
-0.007182
-0.007412
-0.007151
-0.006889
-0.005405
-0.003921
-0.003729
-0.003538
-0.005267
-0.006996
-0.008487
-0.009977
-0.010279
-0.010580
-0.011500
-0.012420
-0.013447
-0.014475
-0.014814
-0.015154
-0.014053
-0.012951
-0.011525
-0.010099
-0.010610
-0.011121
-0.012483
-0.013844
-0.013913
-0.013981
-0.012110
-0.010239
-0.008847
-0.007456
-0.008402
-0.009349
-0.010680
-0.012012
-0.011517
-0.011022
-0.011449
-0.011876
-0.014915
-0.017954
-0.017881
-0.017808
-0.014588
-0.011369
-0.013030
-0.014691
-0.018001
-0.021310
-0.020192
-0.019075
-0.016733
-0.014392
-0.013101
-0.011811
-0.011647
-0.011483
-0.011867
-0.012252
-0.012581
-0.012909
-0.013717
-0.014525
-0.018379
-0.022234
-0.025083
-0.027932
-0.026384
-0.024835
-0.024241
-0.023647
-0.023527
-0.023407
-0.024127
-0.024848
-0.028074
-0.031301
-0.032290
-0.033280
-0.031954
-0.030628
-0.028721
-0.026814
-0.025737
-0.024660
-0.025500
-0.026341
-0.028537
-0.030732
-0.033592
-0.036452
-0.036720
-0.036988
-0.034435
-0.031881
-0.030006
-0.028131
-0.031410
-0.034690
-0.035889
-0.037088
-0.031763
-0.026438
-0.025373
-0.024307
-0.026886
-0.029465
-0.031182
-0.032899
-0.032670
-0.032440
-0.028493
-0.024547
-0.022917
-0.021288
-0.025337
-0.029387
-0.034511
-0.039635
-0.040357
-0.041079
-0.038198
-0.035318
-0.034312
-0.033306
-0.034147
-0.034988
-0.034548
-0.034108
-0.033961
-0.033814
-0.033145
-0.032476
-0.030288
-0.028099
-0.028620
-0.029140
-0.031462
-0.033784
-0.034888
-0.035993
-0.034154
-0.032316
-0.030579
-0.028842
-0.031807
-0.034772
-0.037479
-0.040186
-0.039076
-0.037967
-0.038205
-0.038444
-0.041810
-0.045176
-0.047764
-0.050352
-0.049449
-0.048546
-0.046899
-0.045252
-0.045465
-0.045677
-0.044020
-0.042363
-0.040707
-0.039052
-0.039989
-0.040927
-0.041499
-0.042070
-0.042649
-0.043228
-0.043377
-0.043526
-0.044070
-0.044614
-0.046050
-0.047485
-0.048349
-0.049213
-0.049421
-0.049628
-0.050384
-0.051139
-0.054168
-0.057197
-0.058075
-0.058953
-0.053837
-0.048722
-0.043040
-0.037358
-0.038955
-0.040552
-0.047426
-0.054300
-0.057971
-0.061642
-0.061193
-0.060744
-0.060666
-0.060587
-0.059207
-0.057828
-0.052984
-0.048140
-0.045297
-0.042453
-0.044794
-0.047134
-0.049821
-0.052507
-0.052604
-0.052702
-0.053839
-0.054975
-0.055627
-0.056278
-0.054241
-0.052204
-0.052390
-0.052576
-0.054406
-0.056237
-0.057918
-0.059599
-0.059789
-0.059979
-0.056071
-0.052163
-0.049924
-0.047685
-0.049580
-0.051475
-0.051600
-0.051725
-0.048381
-0.045037
-0.039992
-0.034947
-0.032153
-0.029360
-0.034339
-0.039318
-0.047269
-0.055220
-0.054864
-0.054509
-0.051710
-0.048911
-0.051262
-0.053612
-0.052525
-0.051438
-0.047980
-0.044522
-0.042879
-0.041236
-0.043285
-0.045333
-0.045856
-0.046380
-0.040184
-0.033989
-0.033872
-0.033754
-0.037205
-0.040656
-0.040558
-0.040461
-0.041983
-0.043504
-0.046735
-0.049966
-0.049872
-0.049778
-0.047863
-0.045947
-0.049248
-0.052549
-0.054119
-0.055688
-0.052493
-0.049299
-0.045707
-0.042115
-0.040777
-0.039439
-0.042401
-0.045364
-0.047086
-0.048808
-0.047706
-0.046605
-0.046667
-0.046730
-0.048833
-0.050936
-0.049238
-0.047540
-0.048754
-0.049969
-0.058973
-0.067976
-0.069329
-0.070681
-0.062148
-0.053615
-0.048442
-0.043270
-0.045631
-0.047992
-0.051955
-0.055917
-0.057162
-0.058407
-0.060038
-0.061669
-0.064704
-0.067739
-0.066200
-0.064661
-0.060458
-0.056254
-0.054209
-0.052165
-0.052424
-0.052683
-0.052468
-0.052254
-0.052502
-0.052751
-0.056015
-0.059278
-0.059007
-0.058736
-0.053849
-0.048962
-0.047656
-0.046350
-0.052180
-0.058010
-0.060185
-0.062361
-0.057456
-0.052552
-0.052712
-0.052873
-0.055967
-0.059061
-0.059305
-0.059549
-0.061464
-0.063379
-0.062634
-0.061890
-0.057360
-0.052830
-0.054341
-0.055852
-0.059315
-0.062778
-0.063213
-0.063648
-0.061288
-0.058927
-0.053463
-0.047999
-0.046322
-0.044645
-0.047543
-0.050441
-0.050003
-0.049565
-0.048740
-0.047915
-0.052174
-0.056433
-0.059012
-0.061591
-0.060631
-0.059671
-0.058346
-0.057020
-0.054573
-0.052125
-0.049123
-0.046121
-0.048664
-0.051206
-0.054903
-0.058601
-0.057313
-0.056026
-0.057161
-0.058295
-0.058392
-0.058489
-0.055383
-0.052278
-0.050681
-0.049085
-0.044640
-0.040195
-0.037760
-0.035324
-0.039639
-0.043955
-0.049191
-0.054427
-0.054183
-0.053939
-0.048275
-0.042611
-0.041046
-0.039481
-0.044631
-0.049781
-0.055166
-0.060551
-0.062039
-0.063528
-0.061212
-0.058897
-0.054694
-0.050492
-0.052056
-0.053620
-0.057334
-0.061048
-0.062189
-0.063330
-0.064522
-0.065714
-0.061592
-0.057469
-0.054051
-0.050632
-0.048626
-0.046620
-0.043847
-0.041074
-0.045622
-0.050170
-0.051045
-0.051920
-0.042165
-0.032411
-0.030495
-0.028580
-0.036542
-0.044504
-0.048528
-0.052553
-0.053578
-0.054603
-0.057288
-0.059974
-0.063476
-0.066978
-0.066852
-0.066725
-0.063404
-0.060083
-0.058495
-0.056907
-0.055102
-0.053297
-0.051453
-0.049608
-0.048427
-0.047245
-0.044033
-0.040821
-0.040123
-0.039424
-0.037142
-0.034860
-0.032563
-0.030266
-0.036632
-0.042998
-0.045203
-0.047408
-0.044034
-0.040659
-0.040978
-0.041298
-0.042604
-0.043911
-0.042950
-0.041988
-0.040975
-0.039961
-0.041501
-0.043041
-0.044662
-0.046282
-0.045944
-0.045606
-0.045887
-0.046168
-0.047167
-0.048167
-0.046367
-0.044567
-0.043387
-0.042207
-0.042792
-0.043377
-0.040003
-0.036628
-0.033174
-0.029719
-0.030013
-0.030308
-0.032618
-0.034929
-0.038757
-0.042585
-0.044718
-0.046851
-0.046417
-0.045983
-0.043810
-0.041636
-0.043469
-0.045301
-0.046345
-0.047389
-0.043867
-0.040344
-0.040762
-0.041180
-0.040497
-0.039814
-0.037170
-0.034527
-0.032429
-0.030331
-0.028194
-0.026058
-0.029614
-0.033170
-0.036970
-0.040770
-0.036057
-0.031344
-0.028384
-0.025425
-0.029723
-0.034020
-0.036563
-0.039105
-0.039272
-0.039440
-0.039928
-0.040415
-0.037666
-0.034917
-0.029737
-0.024557
-0.020570
-0.016584
-0.014495
-0.012405
-0.014603
-0.016800
-0.017959
-0.019118
-0.017512
-0.015906
-0.017152
-0.018398
-0.020405
-0.022412
-0.023684
-0.024956
-0.024988
-0.025020
-0.022758
-0.020496
-0.018079
-0.015662
-0.015842
-0.016023
-0.017016
-0.018009
-0.017990
-0.017970
-0.019894
-0.021818
-0.023590
-0.025362
-0.023129
-0.020897
-0.019739
-0.018581
-0.018683
-0.018785
-0.017284
-0.015783
-0.017087
-0.018390
-0.020338
-0.022286
-0.019936
-0.017587
-0.014797
-0.012008
-0.011224
-0.010440
-0.011436
-0.012432
-0.013226
-0.014021
-0.011886
-0.009750
-0.011549
-0.013347
-0.020042
-0.026736
-0.028819
-0.030902
-0.026485
-0.022067
-0.018265
-0.014463
-0.017098
-0.019734
-0.021357
-0.022980
-0.017354
-0.011729
-0.008172
-0.004614
-0.004109
-0.003603
-0.004660
-0.005718
-0.006748
-0.007779
-0.004687
-0.001596
0.000464
0.002525
0.003432
0.004340
0.000908
-0.002524
-0.007728
-0.012932
-0.012936
-0.012941
-0.012120
-0.011299
-0.009132
-0.006965
-0.005597
-0.004230
-0.004362
-0.004494
-0.000499
0.003496
0.003410
0.003323
-0.002113
-0.007549
-0.008168
-0.008786
-0.009458
-0.010130
-0.011995
-0.013860
-0.012707
-0.011554
-0.009912
-0.008269
-0.003640
0.000989
0.003679
0.006369
0.005030
0.003690
0.004194
0.004698
0.006211
0.007724
0.007023
0.006321
0.003930
0.001539
0.002125
0.002711
0.003178
0.003644
0.002692
0.001740
-0.000701
-0.003142
-0.003922
-0.004703
-0.002805
-0.000907
-0.000898
-0.000888
-0.000051
0.000786
0.001037
0.001289
0.002089
0.002888
0.002644
0.002400
-0.002296
-0.006992
-0.009069
-0.011147
-0.007810
-0.004473
0.000798
0.006069
0.007572
0.009075
0.006718
0.004361
0.003736
0.003112
0.004899
0.006686
0.009004
0.011322
0.011899
0.012477
0.012729
0.012981
0.012995
0.013008
0.010940
0.008872
0.011204
0.013535
0.018001
0.022467
0.018482
0.014497
0.008319
0.002142
0.004273
0.006404
0.013986
0.021567
0.023193
0.024819
0.018601
0.012383
0.008571
0.004758
0.007205
0.009652
0.010727
0.011801
0.009533
0.007265
0.008343
0.009422
0.009799
0.010176
0.008959
0.007741
0.010517
0.013293
0.018301
0.023310
0.023961
0.024612
0.020386
0.016160
0.012567
0.008974
0.008477
0.007980
0.012186
0.016393
0.020019
0.023645
0.025156
0.026667
0.027765
0.028864
0.028313
0.027763
0.027829
0.027895
0.028077
0.028259
0.029819
0.031379
0.031532
0.031685
0.030886
0.030087
0.032127
0.034166
0.032201
0.030237
0.026617
0.022996
0.022167
0.021338
0.022090
0.022843
0.025842
0.028842
0.031245
0.033648
0.034937
0.036226
0.033827
0.031427
0.026907
0.022386
0.023568
0.024750
0.027644
0.030537
0.031385
0.032232
0.032205
0.032179
0.029822
0.027466
0.027214
0.026962
0.030942
0.034922
0.038515
0.042109
0.041635
0.041162
0.037311
0.033459
0.033614
0.033768
0.037169
0.040569
0.040013
0.039458
0.037199
0.034941
0.035678
0.036416
0.040711
0.045006
0.045757
0.046509
0.043591
0.040673
0.043866
0.047059
0.051550
0.056040
0.054362
0.052684
0.046200
0.039717
0.036908
0.034100
0.037678
0.041257
0.040281
0.039305
0.039568
0.039830
0.046792
0.053754
0.054098
0.054442
0.048541
0.042639
0.037009
0.031379
0.028890
0.026400
0.027045
0.027690
0.027156
0.026622
0.031047
0.035472
0.039636
0.043801
0.043063
0.042326
0.045473
0.048621
0.048966
0.049312
0.043754
0.038196
0.037203
0.036209
0.041716
0.047224
0.049073
0.050922
0.049872
0.048822
0.051069
0.053316
0.050768
0.048220
0.041478
0.034735
0.033103
0.031471
0.034749
0.038027
0.040131
0.042234
0.039345
0.036456
0.035956
0.035455
0.037580
0.039706
0.036522
0.033337
0.030419
0.027500
0.029229
0.030957
0.032670
0.034382
0.034981
0.035581
0.033963
0.032345
0.033440
0.034535
0.041249
0.047963
0.050208
0.052453
0.049460
0.046466
0.041498
0.036530
0.035594
0.034659
0.041646
0.048633
0.049234
0.049836
0.042594
0.035351
0.033180
0.031008
0.032601
0.034194
0.037191
0.040188
0.043983
0.047779
0.047456
0.047132
0.042625
0.038119
0.034655
0.031192
0.032232
0.033272
0.035212
0.037152
0.037208
0.037265
0.037074
0.036884
0.038057
0.039230
0.042335
0.045441
0.043178
0.040915
0.033852
0.026788
0.024369
0.021949
0.024679
0.027408
0.032864
0.038320
0.035804
0.033288
0.023518
0.013749
0.014491
0.015234
0.020863
0.026492
0.025050
0.023607
0.021977
0.020347
0.019474
0.018601
0.019220
0.019838
0.021194
0.022550
0.020425
0.018300
0.015941
0.013582
0.014219
0.014856
0.019846
0.024836
0.028831
0.032826
0.030538
0.028250
0.026124
0.023997
0.027934
0.031870
0.033546
0.035221
0.032508
0.029795
0.027529
0.025264
0.022807
0.020351
0.020455
0.020558
0.021693
0.022828
0.020505
0.018181
0.017973
0.017764
0.021224
0.024684
0.026874
0.029064
0.030206
0.031348
0.032192
0.033037
0.030044
0.027051
0.022010
0.016969
0.017497
0.018025
0.021382
0.024739
0.024503
0.024267
0.022869
0.021470
0.021891
0.022311
0.025317
0.028323
0.031091
0.033859
0.031518
0.029177
0.026196
0.023215
0.022872
0.022529
0.021376
0.020223
0.018725
0.017227
0.016121
0.015014
0.014690
0.014366
0.011863
0.009361
0.004874
0.000388
0.000625
0.000861
0.001517
0.002172
0.003478
0.004784
0.008411
0.012037
0.010275
0.008513
0.005159
0.001805
0.001020
0.000234
-0.000864
-0.001962
-0.000290
0.001382
0.006728
0.012074
0.012197
0.012321
0.008295
0.004270
0.002380
0.000490
0.000046
-0.000398
-0.000185
0.000028
0.000079
0.000131
0.001225
0.002319
-0.001076
-0.004471
-0.009729
-0.014987
-0.012799
-0.010611
-0.007429
-0.004248
-0.003049
-0.001850
-0.000884
0.000082
-0.002436
-0.004953
-0.008307
-0.011662
-0.011804
-0.011947
-0.008708
-0.005470
-0.002683
0.000104
-0.001669
-0.003443
-0.004414
-0.005386
-0.005025
-0.004663
-0.008243
-0.011823
-0.013696
-0.015570
-0.016142
-0.016714
-0.020312
-0.023911
-0.024247
-0.024583
-0.020941
-0.017299
-0.017168
-0.017037
-0.022279
-0.027522
-0.029827
-0.032131
-0.030441
-0.028750
-0.028893
-0.029037
-0.030156
-0.031276
-0.032595
-0.033915
-0.033073
-0.032232
-0.029355
-0.026479
-0.023120
-0.019761
-0.016824
-0.013887
-0.014160
-0.014433
-0.016821
-0.019209
-0.022087
-0.024965
-0.025784
-0.026603
-0.025770
-0.024938
-0.026236
-0.027534
-0.030691
-0.033848
-0.035588
-0.037328
-0.034687
-0.032045
-0.029025
-0.026006
-0.027624
-0.029242
-0.031133
-0.033024
-0.032479
-0.031933
-0.031713
-0.031493
-0.034237
-0.036981
-0.039932
-0.042884
-0.041142
-0.039400
-0.038536
-0.037672
-0.038283
-0.038894
-0.035527
-0.032160
-0.032309
-0.032459
-0.034280
-0.036101
-0.036893
-0.037685
-0.041293
-0.044900
-0.043685
-0.042471
-0.041111
-0.039751
-0.042415
-0.045079
-0.043632
-0.042185
-0.039254
-0.036323
-0.038988
-0.041654
-0.044053
-0.046452
-0.044862
-0.043272
-0.045907
-0.048543
-0.052225
-0.055907
-0.053608
-0.051310
-0.050431
-0.049552
-0.050468
-0.051385
-0.051028
-0.050671
-0.050913
-0.051155
-0.049307
-0.047460
-0.048379
-0.049299
-0.050832
-0.052365
-0.050567
-0.048769
-0.048216
-0.047664
-0.048908
-0.050153
-0.052246
-0.054340
-0.053518
-0.052695
-0.053264
-0.053834
-0.057157
-0.060480
-0.058179
-0.055878
-0.051176
-0.046473
-0.045666
-0.044859
-0.046845
-0.048831
-0.050202
-0.051573
-0.051709
-0.051845
-0.054769
-0.057693
-0.061405
-0.065116
-0.066463
-0.067809
-0.068706
-0.069603
-0.066763
-0.063922
-0.060178
-0.056435
-0.055331
-0.054226
-0.055440
-0.056653
-0.060880
-0.065106
-0.063636
-0.062165
-0.057715
-0.053264
-0.053182
-0.053099
-0.054258
-0.055417
-0.058577
-0.061737
-0.063135
-0.064534
-0.065088
-0.065643
-0.067403
-0.069163
-0.069141
-0.069119
-0.071650
-0.074181
-0.074937
-0.075694
-0.070014
-0.064335
-0.060346
-0.056357
-0.060326
-0.064295
-0.070982
-0.077668
-0.079154
-0.080639
-0.080162
-0.079686
-0.082733
-0.085780
-0.085451
-0.085123
-0.078491
-0.071859
-0.068252
-0.064645
-0.066381
-0.068117
-0.072187
-0.076257
-0.079215
-0.082174
-0.080872
-0.079570
-0.079362
-0.079154
-0.082325
-0.085496
-0.085025
-0.084554
-0.082707
-0.080859
-0.080706
-0.080553
-0.080508
-0.080464
-0.080015
-0.079566
-0.080049
-0.080532
-0.083595
-0.086658
-0.087210
-0.087762
-0.084982
-0.082202
-0.077270
-0.072338
-0.071255
-0.070171
-0.074517
-0.078862
-0.083697
-0.088531
-0.095241
-0.101952
-0.105134
-0.108316
-0.103863
-0.099409
-0.094109
-0.088810
-0.087989
-0.087169
-0.086541
-0.085913
-0.087440
-0.088967
-0.089955
-0.090944
-0.089087
-0.087230
-0.086816
-0.086402
-0.086410
-0.086418
-0.087560
-0.088702
-0.084727
-0.080752
-0.075742
-0.070733
-0.073784
-0.076835
-0.080991
-0.085147
-0.081886
-0.078624
-0.074232
-0.069840
-0.069986
-0.070132
-0.069527
-0.068921
-0.067147
-0.065373
-0.065542
-0.065710
-0.065172
-0.064635
-0.066359
-0.068084
-0.071018
-0.073952
-0.072374
-0.070795
-0.072054
-0.073312
-0.076809
-0.080306
-0.080697
-0.081088
-0.075335
-0.069581
-0.063240
-0.056899
-0.056802
-0.056705
-0.057367
-0.058030
-0.060995
-0.063961
-0.066623
-0.069285
-0.068222
-0.067160
-0.063423
-0.059685
-0.055035
-0.050386
-0.053715
-0.057045
-0.063552
-0.070060
-0.070344
-0.070627
-0.068385
-0.066143
-0.064670
-0.063197
-0.066455
-0.069713
-0.074001
-0.078290
-0.075076
-0.071861
-0.069247
-0.066632
-0.072737
-0.078841
-0.081750
-0.084659
-0.079111
-0.073563
-0.067406
-0.061250
-0.058035
-0.054821
-0.056173
-0.057524
-0.064511
-0.071497
-0.078449
-0.085401
-0.077555
-0.069710
-0.060421
-0.051132
-0.055083
-0.059034
-0.062862
-0.066690
-0.064032
-0.061373
-0.061495
-0.061616
-0.067618
-0.073620
-0.073306
-0.072992
-0.072264
-0.071536
-0.068747
-0.065958
-0.059410
-0.052862
-0.055783
-0.058705
-0.060798
-0.062891
-0.061355
-0.059819
-0.058149
-0.056479
-0.057193
-0.057907
-0.061560
-0.065212
-0.065384
-0.065555
-0.065278
-0.065001
-0.061635
-0.058268
-0.052676
-0.047083
-0.045658
-0.044233
-0.046118
-0.048003
-0.049531
-0.051059
-0.054471
-0.057883
-0.062864
-0.067845
-0.066439
-0.065034
-0.057757
-0.050480
-0.043291
-0.036103
-0.034648
-0.033194
-0.037381
-0.041567
-0.045377
-0.049188
-0.047458
-0.045729
-0.042666
-0.039603
-0.041219
-0.042835
-0.044430
-0.046024
-0.044649
-0.043274
-0.039352
-0.035430
-0.032623
-0.029816
-0.031787
-0.033758
-0.035906
-0.038055
-0.039372
-0.040690
-0.039250
-0.037811
-0.033355
-0.028900
-0.028763
-0.028626
-0.028924
-0.029223
-0.028105
-0.026987
-0.030387
-0.033787
-0.036679
-0.039572
-0.037482
-0.035393
-0.031856
-0.028319
-0.028148
-0.027978
-0.029966
-0.031955
-0.029456
-0.026957
-0.022316
-0.017676
-0.018173
-0.018670
-0.020240
-0.021811
-0.021599
-0.021388
-0.025274
-0.029161
-0.030940
-0.032719
-0.027806
-0.022893
-0.019918
-0.016943
-0.017259
-0.017574
-0.017988
-0.018403
-0.018124
-0.017846
-0.013404
-0.008961
-0.005394
-0.001826
-0.006392
-0.010958
-0.015389
-0.019820
-0.020014
-0.020207
-0.021307
-0.022407
-0.019863
-0.017318
-0.015052
-0.012787
-0.016645
-0.020504
-0.021692
-0.022880
-0.022348
-0.021815
-0.020629
-0.019443
-0.018016
-0.016588
-0.018410
-0.020233
-0.019844
-0.019455
-0.018859
-0.018263
-0.020761
-0.023258
-0.022646
-0.022034
-0.017671
-0.013308
-0.011954
-0.010601
-0.013675
-0.016750
-0.018103
-0.019456
-0.017157
-0.014858
-0.011941
-0.009024
-0.009252
-0.009480
-0.011465
-0.013449
-0.011880
-0.010310
-0.008162
-0.006015
-0.007568
-0.009121
-0.009081
-0.009041
-0.005700
-0.002359
-0.002442
-0.002526
-0.002887
-0.003249
-0.002331
-0.001414
-0.001992
-0.002570
-0.000405
0.001760
0.002246
0.002732
0.000108
-0.002516
-0.001747
-0.000978
0.000818
0.002614
0.001789
0.000963
-0.000750
-0.002464
-0.004364
-0.006263
-0.006501
-0.006740
-0.003370
-0.000000
0.001611
0.003223
0.001526
-0.000171
0.000707
0.001585
0.002909
0.004234
0.001862
-0.000510
0.001171
0.002852
0.007407
0.011962
0.009967
0.007973
0.005492
0.003012
0.001413
-0.000187
-0.004930
-0.009674
-0.009392
-0.009109
-0.003832
0.001446
0.004012
0.006577
0.007890
0.009204
0.011284
0.013364
0.014588
0.015811
0.018296
0.020782
0.022600
0.024418
0.021594
0.018769
0.015315
0.011861
0.010924
0.009986
0.009961
0.009935
0.010768
0.011602
0.009885
0.008167
0.006923
0.005680
0.011794
0.017908
0.021183
0.024458
0.022130
0.019802
0.016882
0.013963
0.009415
0.004866
0.001591
-0.001684
0.002735
0.007155
0.013723
0.020290
0.019793
0.019296
0.018582
0.017868
0.018684
0.019500
0.015575
0.011650
0.005933
0.000216
0.000908
0.001599
0.008537
0.015475
0.020667
0.025859
0.025098
0.024336
0.020850
0.017364
0.014285
0.011205
0.008982
0.006758
0.007045
0.007333
0.009455
0.011577
0.012219
0.012861
0.011284
0.009706
0.009653
0.009601
0.013986
0.018372
0.018113
0.017854
0.012015
0.006176
0.008417
0.010657
0.017951
0.025245
0.026416
0.027588
0.025087
0.022586
0.021783
0.020979
0.021663
0.022347
0.024886
0.027425
0.028898
0.030370
0.029818
0.029265
0.027768
0.026270
0.021878
0.017485
0.016308
0.015132
0.018506
0.021881
0.021885
0.021889
0.020417
0.018944
0.017076
0.015207
0.012077
0.008948
0.011581
0.014214
0.017851
0.021487
0.016715
0.011942
0.009647
0.007352
0.011902
0.016453
0.018356
0.020260
0.019847
0.019433
0.018427
0.017420
0.014783
0.012147
0.009269
0.006391
0.006415
0.006439
0.008724
0.011009
0.014986
0.018962
0.019955
0.020948
0.017150
0.013352
0.011332
0.009312
0.009879
0.010447
0.014001
0.017555
0.021047
0.024539
0.026900
0.029260
0.030633
0.032006
0.026564
0.021121
0.015726
0.010331
0.012422
0.014513
0.018322
0.022131
0.023026
0.023922
0.023257
0.022592
0.021754
0.020916
0.019493
0.018071
0.020507
0.022943
0.027540
0.032136
0.029825
0.027514
0.022237
0.016960
0.017191
0.017422
0.017241
0.017059
0.013149
0.009239
0.009182
0.009125
0.013649
0.018173
0.023489
0.028804
0.031449
0.034094
0.031389
0.028684
0.024573
0.020463
0.020116
0.019768
0.020875
0.021982
0.018629
0.015275
0.013956
0.012637
0.021948
0.031259
0.038288
0.045317
0.041758
0.038200
0.033829
0.029459
0.027692
0.025926
0.028759
0.031593
0.034240
0.036887
0.031010
0.025133
0.019524
0.013914
0.014991
0.016068
0.019513
0.022958
0.024224
0.025491
0.024667
0.023843
0.021473
0.019102
0.016460
0.013819
0.014738
0.015657
0.018619
0.021582
0.028637
0.035693
0.040658
0.045622
0.039169
0.032716
0.026740
0.020765
0.022225
0.023685
0.025372
0.027060
0.024835
0.022611
0.019289
0.015967
0.015671
0.015375
0.017511
0.019648
0.022416
0.025184
0.025727
0.026270
0.021880
0.017490
0.017113
0.016736
0.020620
0.024504
0.023833
0.023163
0.021638
0.020112
0.022496
0.024881
0.029868
0.034856
0.029351
0.023846
0.011741
-0.000364
-0.000204
-0.000045
0.005955
0.011955
0.011185
0.010414
0.010772
0.011130
0.017691
0.024252
0.025385
0.026519
0.022072
0.017624
0.019135
0.020646
0.022991
0.025336
0.020023
0.014711
0.013651
0.012590
0.015171
0.017751
0.016243
0.014735
0.013383
0.012030
0.010382
0.008734
0.005476
0.002217
-0.001543
-0.005303
-0.002740
-0.000177
0.006066
0.012308
0.013481
0.014655
0.011898
0.009141
0.006415
0.003689
0.004051
0.004412
0.004472
0.004532
0.004135
0.003737
0.008399
0.013060
0.016062
0.019064
0.016982
0.014900
0.013562
0.012223
0.009390
0.006557
0.003800
0.001044
0.001329
0.001614
0.001918
0.002223
0.005935
0.009648
0.013979
0.018310
0.014354
0.010399
0.007070
0.003742
0.008005
0.012268
0.015911
0.019554
0.017938
0.016321
0.013257
0.010193
0.008625
0.007058
0.005582
0.004106
0.004720
0.005334
0.006095
0.006855
0.005882
0.004908
0.005614
0.006320
0.008242
0.010165
0.009703
0.009242
0.006979
0.004716
0.004810
0.004904
0.007272
0.009639
0.009670
0.009700
0.006621
0.003543
0.002304
0.001065
0.002727
0.004388
0.008338
0.012288
0.012417
0.012546
0.005092
-0.002362
-0.009774
-0.017185
-0.017382
-0.017578
-0.012091
-0.006604
-0.004760
-0.002915
-0.003156
-0.003396
0.000007
0.003411
0.004987
0.006564
0.001554
-0.003455
-0.007063
-0.010670
-0.006594
-0.002517
0.002176
0.006869
0.004611
0.002353
-0.003272
-0.008897
-0.008868
-0.008840
-0.007583
-0.006327
-0.008698
-0.011069
-0.008690
-0.006312
-0.000626
0.005060
0.005153
0.005246
0.004481
0.003715
0.003463
0.003212
0.000791
-0.001629
-0.005521
-0.009413
-0.014884
-0.020355
-0.024251
-0.028148
-0.025781
-0.023415
-0.018103
-0.012792
-0.015003
-0.017214
-0.018267
-0.019320
-0.015029
-0.010738
-0.009398
-0.008058
-0.007580
-0.007101
-0.001977
0.003146
0.013327
0.023508
0.017855
0.012202
-0.004036
-0.020274
-0.021894
-0.023514
-0.021056
-0.018597
-0.016319
-0.014040
-0.008946
-0.003852
-0.003851
-0.003850
-0.010252
-0.016653
-0.023336
-0.030018
-0.028941
-0.027865
-0.022946
-0.018027
-0.015211
-0.012395
-0.011783
-0.011171
-0.011800
-0.012430
-0.009847
-0.007264
-0.004622
-0.001981
-0.005736
-0.009492
-0.013186
-0.016880
-0.014696
-0.012512
-0.012381
-0.012250
-0.014168
-0.016086
-0.015610
-0.015135
-0.018105
-0.021075
-0.024849
-0.028623
-0.029073
-0.029523
-0.027084
-0.024645
-0.019810
-0.014974
-0.010977
-0.006980
-0.006442
-0.005903
-0.002308
0.001288
0.013267
0.025247
0.029675
0.034104
0.030717
0.027331
0.020109
0.012888
0.006279
-0.000330
0.009138
0.018605
0.020583
0.022561
0.009972
-0.002617
-0.007169
-0.011721
-0.008967
-0.006213
-0.005010
-0.003807
-0.006664
-0.009521
-0.009301
-0.009081
-0.007392
-0.005704
-0.007833
-0.009963
-0.011661
-0.013360
-0.012222
-0.011084
-0.010048
-0.009013
-0.012072
-0.015131
-0.019635
-0.024139
-0.025115
-0.026091
-0.023658
-0.021226
-0.019164
-0.017102
-0.014789
-0.012476
-0.009353
-0.006230
-0.011343
-0.016456
-0.024543
-0.032631
-0.031939
-0.031246
-0.028807
-0.026368
-0.026957
-0.027545
-0.027497
-0.027449
-0.025751
-0.024054
-0.022626
-0.021197
-0.023013
-0.024830
-0.024669
-0.024509
-0.015531
-0.006552
0.006425
0.019402
0.025005
0.030608
0.025668
0.020729
0.011723
0.002718
-0.002774
-0.008267
-0.008188
-0.008109
-0.007142
-0.006175
-0.006085
-0.005995
-0.010610
-0.015226
-0.016836
-0.018446
-0.011569
-0.004692
-0.007697
-0.010702
-0.019872
-0.029041
-0.027354
-0.025667
-0.023650
-0.021632
-0.025563
-0.029493
-0.029651
-0.029809
-0.023697
-0.017585
-0.013590
-0.009594
-0.013024
-0.016454
-0.019702
-0.022950
-0.023617
-0.024284
-0.024707
-0.025130
-0.026219
-0.027309
-0.028506
-0.029703
-0.028575
-0.027447
-0.024385
-0.021324
-0.020361
-0.019397
-0.024824
-0.030251
-0.034208
-0.038166
-0.036144
-0.034123
-0.033325
-0.032528
-0.034393
-0.036257
-0.034199
-0.032141
-0.026779
-0.021416
-0.020702
-0.019988
-0.017445
-0.014903
-0.009510
-0.004118
-0.006442
-0.008765
-0.015189
-0.021614
-0.025152
-0.028690
-0.027346
-0.026001
-0.023347
-0.020693
-0.022150
-0.023607
-0.029132
-0.034656
-0.038182
-0.041708
-0.037727
-0.033747
-0.026219
-0.018690
-0.017910
-0.017129
-0.021686
-0.026243
-0.021526
-0.016810
-0.013605
-0.010400
-0.014174
-0.017948
-0.022790
-0.027631
-0.044016
-0.060400
-0.068355
-0.076309
-0.057872
-0.039434
-0.007042
0.025351
0.043840
0.062328
0.043284
0.024239
-0.014634
-0.053506
-0.064351
-0.075196
-0.059102
-0.043008
-0.034977
-0.026946
-0.025146
-0.023347
-0.026308
-0.029270
-0.031548
-0.033826
-0.029527
-0.025228
-0.024366
-0.023505
-0.027258
-0.031011
-0.031307
-0.031602
-0.027412
-0.023222
-0.021199
-0.019176
-0.020971
-0.022765
-0.022194
-0.021622
-0.017884
-0.014146
-0.012863
-0.011579
-0.016309
-0.021039
-0.020181
-0.019323
-0.003547
0.012230
0.017317
0.022403
0.009175
-0.004053
-0.016162
-0.028272
-0.037323
-0.046374
-0.055716
-0.065057
-0.060529
-0.056001
-0.040579
-0.025157
-0.021235
-0.017313
-0.019923
-0.022533
-0.022892
-0.023250
-0.020684
-0.018117
-0.015909
-0.013701
-0.015082
-0.016462
-0.015391
-0.014320
-0.011848
-0.009376
-0.008376
-0.007376
-0.005852
-0.004328
-0.003996
-0.003665
-0.007805
-0.011945
-0.018646
-0.025347
-0.030188
-0.035028
-0.034967
-0.034905
-0.030163
-0.025420
-0.022064
-0.018707
-0.020275
-0.021842
-0.021994
-0.022147
-0.018370
-0.014594
-0.011390
-0.008187
-0.005648
-0.003110
-0.005178
-0.007247
-0.013737
-0.020228
-0.023570
-0.026913
-0.025525
-0.024138
-0.018255
-0.012373
-0.009258
-0.006142
-0.008982
-0.011822
-0.012571
-0.013319
-0.010345
-0.007370
-0.007769
-0.008169
-0.012718
-0.017267
-0.017554
-0.017841
-0.013165
-0.008490
-0.005892
-0.003295
-0.004762
-0.006229
-0.009101
-0.011972
-0.013424
-0.014875
-0.014073
-0.013270
-0.013185
-0.013100
-0.014843
-0.016587
-0.019008
-0.021430
-0.020210
-0.018991
-0.016867
-0.014744
-0.015858
-0.016972
-0.017692
-0.018412
-0.017146
-0.015880
-0.013526
-0.011172
-0.010820
-0.010467
-0.008748
-0.007029
-0.003641
-0.000254
0.001043
0.002339
0.000227
-0.001885
-0.004937
-0.007988
-0.012232
-0.016476
-0.024543
-0.032610
-0.034908
-0.037205
-0.028201
-0.019196
-0.013317
-0.007438
-0.012230
-0.017023
-0.017693
-0.018363
-0.015339
-0.012314
-0.012530
-0.012747
-0.013935
-0.015123
-0.015872
-0.016621
-0.015926
-0.015231
-0.015581
-0.015932
-0.016541
-0.017149
-0.021327
-0.025505
-0.028957
-0.032408
-0.028822
-0.025235
-0.020892
-0.016549
-0.015803
-0.015057
-0.016627
-0.018197
-0.016902
-0.015606
-0.012290
-0.008974
-0.008541
-0.008108
-0.009578
-0.011048
-0.014488
-0.017928
-0.023210
-0.028492
-0.027485
-0.026477
-0.020468
-0.014459
-0.012555
-0.010651
-0.010280
-0.009909
-0.012129
-0.014348
-0.018437
-0.022526
-0.019525
-0.016524
-0.015594
-0.014665
-0.016578
-0.018492
-0.017454
-0.016415
-0.019699
-0.022982
-0.023706
-0.024429
-0.022259
-0.020090
-0.021313
-0.022536
-0.021300
-0.020065
-0.018696
-0.017328
-0.021102
-0.024876
-0.026609
-0.028343
-0.024883
-0.021423
-0.019028
-0.016633
-0.017586
-0.018540
-0.020251
-0.021963
-0.023268
-0.024574
-0.026628
-0.028682
-0.028428
-0.028174
-0.025857
-0.023539
-0.025682
-0.027825
-0.032173
-0.036521
-0.035105
-0.033690
-0.031680
-0.029670
-0.030116
-0.030561
-0.028982
-0.027403
-0.026405
-0.025406
-0.024703
-0.024000
-0.024818
-0.025636
-0.029809
-0.033981
-0.036218
-0.038455
-0.036191
-0.033927
-0.032317
-0.030707
-0.031674
-0.032640
-0.030505
-0.028369
-0.024387
-0.020404
-0.021963
-0.023522
-0.027382
-0.031241
-0.032261
-0.033281
-0.032450
-0.031619
-0.030572
-0.029524
-0.029028
-0.028531
-0.029361
-0.030190
-0.034607
-0.039023
-0.042802
-0.046582
-0.046504
-0.046426
-0.045273
-0.044121
-0.044232
-0.044344
-0.044443
-0.044542
-0.041750
-0.038958
-0.037834
-0.036709
-0.040424
-0.044140
-0.046167
-0.048194
-0.047736
-0.047279
-0.045350
-0.043421
-0.038919
-0.034417
-0.031422
-0.028427
-0.029618
-0.030810
-0.032988
-0.035166
-0.035121
-0.035077
-0.035372
-0.035666
-0.035741
-0.035816
-0.035574
-0.035332
-0.034707
-0.034081
-0.035114
-0.036148
-0.041356
-0.046564
-0.045389
-0.044214
-0.040415
-0.036617
-0.037857
-0.039096
-0.036172
-0.033247
-0.029733
-0.026218
-0.026686
-0.027154
-0.029592
-0.032030
-0.034650
-0.037271
-0.035789
-0.034307
-0.032705
-0.031102
-0.032758
-0.034413
-0.035479
-0.036545
-0.034145
-0.031746
-0.029618
-0.027491
-0.025915
-0.024339
-0.022461
-0.020583
-0.023755
-0.026927
-0.031586
-0.036245
-0.034603
-0.032960
-0.031349
-0.029739
-0.037165
-0.044591
-0.050060
-0.055530
-0.051876
-0.048221
-0.042740
-0.037258
-0.035281
-0.033304
-0.032570
-0.031835
-0.029968
-0.028100
-0.030952
-0.033804
-0.037068
-0.040331
-0.037456
-0.034580
-0.029412
-0.024244
-0.020361
-0.016478
-0.016274
-0.016069
-0.020400
-0.024730
-0.027286
-0.029842
-0.030614
-0.031385
-0.032636
-0.033886
-0.033225
-0.032564
-0.034464
-0.036363
-0.036103
-0.035843
-0.033105
-0.030368
-0.032031
-0.033695
-0.034338
-0.034981
-0.031316
-0.027652
-0.023918
-0.020185
-0.019318
-0.018451
-0.019167
-0.019883
-0.023322
-0.026762
-0.028798
-0.030834
-0.028442
-0.026049
-0.022369
-0.018688
-0.016604
-0.014519
-0.017501
-0.020482
-0.022721
-0.024959
-0.021720
-0.018480
-0.016081
-0.013681
-0.014599
-0.015517
-0.014519
-0.013522
-0.011488
-0.009454
-0.008194
-0.006934
-0.003526
-0.000118
-0.000452
-0.000786
-0.006334
-0.011882
-0.013195
-0.014508
-0.011882
-0.009257
-0.007276
-0.005296
-0.004659
-0.004023
-0.005582
-0.007141
-0.004425
-0.001709
0.004733
0.011175
0.009220
0.007265
0.003557
-0.000152
-0.001316
-0.002480
-0.003103
-0.003727
0.001559
0.006844
0.006744
0.006644
0.001518
-0.003608
-0.001203
0.001202
0.003963
0.006725
0.005361
0.003997
0.004790
0.005583
0.007333
0.009083
0.009473
0.009864
0.011819
0.013774
0.017594
0.021413
0.021997
0.022580
0.018775
0.014969
0.014358
0.013748
0.015683
0.017619
0.017959
0.018298
0.017742
0.017185
0.018755
0.020326
0.024274
0.028223
0.027343
0.026464
0.025351
0.024238
0.029037
0.033836
0.033951
0.034065
0.030951
0.027838
0.028260
0.028681
0.028311
0.027940
0.027960
0.027981
0.028812
0.029644
0.029482
0.029321
0.029525
0.029730
0.031062
0.032394
0.032941
0.033488
0.031773
0.030058
0.030323
0.030587
0.032731
0.034875
0.033920
0.032965
0.034138
0.035311
0.037484
0.039656
0.038074
0.036492
0.036179
0.035865
0.036837
0.037809
0.037400
0.036992
0.035921
0.034851
0.036951
0.039052
0.041860
0.044668
0.045744
0.046820
0.045976
0.045132
0.040915
0.036699
0.035558
0.034417
0.035373
0.036328
0.036083
0.035838
0.037181
0.038524
0.041014
0.043503
0.046006
0.048510
0.049238
0.049967
0.047955
0.045944
0.044934
0.043924
0.045612
0.047300
0.048043
0.048787
0.049517
0.050247
0.051242
0.052237
0.054648
0.057060
0.060563
0.064066
0.060577
0.057089
0.050664
0.044239
0.043924
0.043610
0.046210
0.048810
0.049973
0.051135
0.051180
0.051225
0.052573
0.053921
0.053752
0.053582
0.050453
0.047324
0.047887
0.048450
0.049529
0.050607
0.049745
0.048882
0.053583
0.058284
0.065112
0.071941
0.068539
0.065137
0.058038
0.050938
0.051701
0.052464
0.052802
0.053141
0.051903
0.050666
0.051145
0.051624
0.051964
0.052304
0.054401
0.056497
0.056366
0.056235
0.053012
0.049788
0.050796
0.051803
0.056015
0.060226
0.060539
0.060851
0.060809
0.060768
0.061471
0.062175
0.060372
0.058570
0.059226
0.059882
0.063220
0.066558
0.069620
0.072682
0.073607
0.074532
0.069604
0.064676
0.057820
0.050963
0.049254
0.047544
0.047535
0.047525
0.047283
0.047041
0.050845
0.054649
0.056533
0.058418
0.055174
0.051930
0.050049
0.048168
0.046603
0.045038
0.044127
0.043216
0.046115
0.049013
0.051005
0.052997
0.051236
0.049476
0.050079
0.050682
0.055266
0.059850
0.061004
0.062159
0.062470
0.062781
0.067091
0.071402
0.071381
0.071361
0.064686
0.058011
0.055584
0.053158
0.055219
0.057280
0.055272
0.053263
0.049786
0.046308
0.044752
0.043195
0.043323
0.043450
0.043855
0.044260
0.044283
0.044307
0.047332
0.050358
0.051760
0.053163
0.049750
0.046337
0.047519
0.048700
0.052243
0.055785
0.054779
0.053772
0.053913
0.054055
0.051914
0.049772
0.045813
0.041854
0.043802
0.045750
0.049910
0.054070
0.055411
0.056752
0.053932
0.051112
0.048195
0.045278
0.044431
0.043583
0.042575
0.041568
0.042482
0.043396
0.044433
0.045471
0.044882
0.044294
0.045060
0.045826
0.045620
0.045414
0.046062
0.046709
0.046680
0.046651
0.044569
0.042487
0.041165
0.039843
0.035746
0.031648
0.031234
0.030819
0.038736
0.046654
0.057775
0.068896
0.069082
0.069269
0.060889
0.052509
0.051880
0.051252
0.050306
0.049360
0.045737
0.042114
0.041996
0.041877
0.044728
0.047578
0.049770
0.051962
0.050409
0.048855
0.044468
0.040080
0.037014
0.033948
0.033698
0.033448
0.032701
0.031953
0.032158
0.032363
0.031007
0.029651
0.029572
0.029492
0.033700
0.037908
0.027471
0.017034
0.003092
-0.010850
0.002909
0.016668
0.033994
0.051321
0.050877
0.050434
0.044455
0.038477
0.033701
0.028925
0.030188
0.031452
0.035521
0.039589
0.042526
0.045462
0.046834
0.048207
0.046041
0.043876
0.040299
0.036722
0.037351
0.037979
0.039911
0.041842
0.039907
0.037973
0.037740
0.037507
0.038699
0.039891
0.038801
0.037711
0.034743
0.031776
0.026403
0.021030
0.016905
0.012779
0.016352
0.019925
0.025690
0.031455
0.029743
0.028031
0.026369
0.024706
0.026919
0.029132
0.029715
0.030297
0.029212
0.028127
0.027159
0.026190
0.022702
0.019213
0.013876
0.008540
0.009561
0.010583
0.014774
0.018966
0.021230
0.023495
0.026996
0.030497
0.033649
0.036801
0.034842
0.032882
0.028956
0.025030
0.032860
0.040690
0.048275
0.055860
0.046420
0.036980
0.030761
0.024542
0.023120
0.021697
0.013742
0.005787
-0.000692
-0.007171
-0.005231
-0.003290
0.005646
0.014582
0.020154
0.025727
0.024959
0.024191
0.021918
0.019646
0.018470
0.017295
0.017832
0.018370
0.018200
0.018031
0.015757
0.013484
0.010600
0.007717
0.010357
0.012996
0.018913
0.024830
0.024905
0.024981
0.019223
0.013465
0.010967
0.008469
0.012435
0.016401
0.018965
0.021529
0.023820
0.026110
0.028510
0.030909
0.027653
0.024397
0.019494
0.014590
0.016478
0.018367
0.023991
0.029615
0.030661
0.031708
0.029634
0.027560
0.024761
0.021961
0.020300
0.018639
0.020859
0.023079
0.023937
0.024795
0.023278
0.021760
0.019385
0.017009
0.011674
0.006339
0.008144
0.009948
0.021266
0.032584
0.036196
0.039808
0.030454
0.021099
0.015700
0.010302
0.013437
0.016572
0.016735
0.016898
0.017575
0.018252
0.021182
0.024112
0.022671
0.021230
0.021004
0.020778
0.022595
0.024413
0.023012
0.021611
0.017107
0.012604
0.009893
0.007183
0.013277
0.019371
0.025790
0.032209
0.035527
0.038844
0.039677
0.040509
0.033361
0.026213
0.020129
0.014045
0.016461
0.018876
0.025085
0.031293
0.029871
0.028448
0.019688
0.010928
0.012888
0.014849
0.023337
0.031825
0.030987
0.030149
0.029516
0.028883
0.030997
0.033111
0.029156
0.025201
0.023544
0.021886
0.025534
0.029182
0.028514
0.027847
0.023664
0.019480
0.016949
0.014418
0.011661
0.008904
0.011718
0.014533
0.017101
0.019670
0.018461
0.017252
0.019038
0.020823
0.021280
0.021736
0.017716
0.013697
0.015064
0.016431
0.012382
0.008334
0.031040
0.053747
0.471704
0.889662
1.204600
1.519537
1.094207
0.668878
0.332663
-0.003552
0.010697
0.024945
0.023180
0.021415
0.019696
0.017977
0.017987
0.017997
0.018975
0.019953
0.018008
0.016063
0.017765
0.019468
0.020882
0.022296
0.021032
0.019767
0.018468
0.017169
0.018567
0.019965
0.021288
0.022612
0.020980
0.019349
0.019115
0.018881
0.020206
0.021531
0.021667
0.021802
0.022110
0.022417
0.022934
0.023450
0.023820
0.024189
0.022080
0.019970
0.016754
0.013539
0.010773
0.008007
0.004755
0.001503
0.001404
0.001306
0.005461
0.009617
0.014936
0.020255
0.020334
0.020414
0.019591
0.018767
0.013595
0.008422
-0.038282
-0.084985
-0.105833
-0.126682
-0.079441
-0.032200
-0.005381
0.021438
0.021594
0.021750
0.020977
0.020204
0.017944
0.015683
0.018475
0.021267
0.023873
0.026479
0.022904
0.019329
0.017862
0.016395
0.022673
0.028951
0.034874
0.040797
0.040018
0.039239
0.033176
0.027113
0.024993
0.022873
0.025051
0.027229
0.028459
0.029690
0.025558
0.021425
0.014779
0.008132
0.008240
0.008347
0.013356
0.018364
0.023766
0.029167
0.031726
0.034284
0.031192
0.028101
0.025327
0.022553
0.022796
0.023039
0.023101
0.023163
0.018340
0.013518
0.007059
0.000601
0.000406
0.000212
0.003400
0.006588
0.010191
0.013793
0.016163
0.018533
0.019244
0.019955
0.019305
0.018655
0.014286
0.009916
0.006137
0.002358
0.004820
0.007281
0.011418
0.015556
0.016272
0.016988
0.015696
0.014405
0.013357
0.012309
0.014281
0.016253
0.018708
0.021162
0.020822
0.020482
0.020520
0.020558
0.020705
0.020853
0.019060
0.017266
0.014071
0.010876
0.008195
0.005515
0.008205
0.010895
0.018129
0.025363
0.024484
0.023605
0.017028
0.010452
0.012868
0.015283
0.017040
0.018797
0.013540
0.008284
0.007606
0.006928
0.010760
0.014592
0.017589
0.020585
0.019809
0.019032
0.016839
0.014646
0.013660
0.012674
0.011258
0.009841
0.009279
0.008717
0.010143
0.011569
0.012339
0.013108
0.009432
0.005756
0.005576
0.005395
0.012789
0.020183
0.023654
0.027124
0.023306
0.019489
0.016079
0.012670
0.013863
0.015057
0.017745
0.020434
0.019403
0.018373
0.017618
0.016864
0.017844
0.018823
0.018612
0.018401
0.019873
0.021345
0.023119
0.024892
0.024935
0.024978
0.024707
0.024435
0.023437
0.022438
0.019547
0.016656
0.015350
0.014044
0.013283
0.012522
0.009795
0.007067
0.006574
0.006082
0.010127
0.014173
0.017096
0.020019
0.018432
0.016845
0.017794
0.018743
0.022049
0.025354
0.024913
0.024472
0.021120
0.017768
0.017224
0.016680
0.020567
0.024455
0.026221
0.027988
0.026523
0.025059
0.023140
0.021221
0.020609
0.019997
0.023588
0.027178
0.030113
0.033047
0.032252
0.031457
0.030777
0.030097
0.032085
0.034073
0.035086
0.036099
0.035459
0.034819
0.035842
0.036865
0.036003
0.035142
0.032087
0.029032
0.028280
0.027528
0.027916
0.028303
0.025800
0.023297
0.019446
0.015594
0.011770
0.007946
0.005580
0.003214
0.005720
0.008226
0.009683
0.011140
0.008631
0.006122
0.010888
0.015653
0.023346
0.031039
0.030022
0.029004
0.024757
0.020509
0.019436
0.018363
0.017502
0.016641
0.014961
0.013281
0.016196
0.019111
0.023478
0.027845
0.028818
0.029790
0.027523
0.025255
0.019489
0.013724
0.010332
0.006939
0.008735
0.010530
0.013590
0.016650
0.018023
0.019397
0.019126
0.018855
0.019670
0.020486
0.021867
0.023249
0.023585
0.023922
0.022262
0.020603
0.018421
0.016240
0.015201
0.014162
0.012959
0.011755
0.010277
0.008799
0.009489
0.010179
0.012148
0.014117
0.013375
0.012634
0.011481
0.010328
0.010929
0.011530
0.011447
0.011364
0.010860
0.010356
0.010085
0.009814
0.009978
0.010141
0.010927
0.011712
0.012223
0.012733
0.013972
0.015212
0.015572
0.015931
0.014516
0.013101
0.012845
0.012589
0.012641
0.012694
0.012111
0.011529
0.011372
0.011216
0.010178
0.009139
0.007847
0.006555
0.007433
0.008312
0.009107
0.009902
0.009101
0.008301
0.008339
0.008377
0.008509
0.008641
0.008098
0.007556
0.007396
0.007237
0.006397
0.005557
0.005312
0.005066
0.006156
0.007245
0.007104
0.006962
0.006075
0.005187
0.005110
0.005033
0.005154
0.005275
0.005090
0.004906
0.004742
0.004579
0.004679
0.004780
0.004480
0.004180
0.004012
0.003844
0.004074
0.004304
0.004133
0.003963
0.003828
0.003693
0.003359
0.003026
0.002762
0.002498
0.002896
0.003294
0.003468
0.003641
0.003519
0.003398
0.003379
0.003361
0.003103
0.002844
0.002815
0.002786
0.003104
0.003422
0.003311
0.003201
0.002880
0.002560
0.002151
0.001741
0.001472
0.001203
0.001668
0.002132
0.002417
0.002702
0.002300
0.001897
0.001743
0.001590
0.001908
0.002226
0.002356
0.002487
0.002178
0.001869
0.001726
0.001584
0.001728
0.001871
0.001901
0.001931
0.001924
0.001918
0.001915
0.001913
0.001813
0.001712
0.001646
0.001579
0.001329
0.001079
0.000828
0.000577
0.000964
0.001351
0.001540
0.001730
0.001337
0.000943
0.001014
0.001084
0.001316
0.001549
0.001249
0.000949
