-0.003704
-0.002791
0.000345
0.001766
0.000718
-0.001758
-0.002432
-0.001770
-0.002688
-0.002899
-0.002769
-0.004402
-0.003520
-0.002723
-0.007024
-0.008201
-0.004597
-0.004599
-0.005248
-0.004903
-0.008001
-0.007754
-0.003691
-0.004338
-0.005950
-0.004241
-0.005877
-0.011981
-0.013694
-0.009982
-0.006487
-0.005340
-0.006408
-0.006243
-0.007137
-0.011404
-0.010827
-0.007675
-0.005601
-0.005647
-0.011991
-0.015261
-0.011091
-0.008842
-0.011504
-0.009651
-0.002154
0.000610
-0.004229
-0.009184
-0.008120
-0.008470
-0.008401
-0.005411
-0.007550
-0.007876
-0.005545
-0.009992
-0.014161
-0.012833
-0.012525
-0.010851
-0.004342
-0.005048
-0.012851
-0.016570
-0.012123
-0.001383
0.001796
-0.001283
-0.004800
-0.006673
-0.003324
-0.001150
-0.001179
-0.005206
-0.017620
-0.020567
-0.011712
-0.011460
-0.012594
-0.007468
0.002014
0.009289
0.006605
0.002955
0.005565
0.006596
0.005114
0.012523
0.023694
0.021416
0.010625
0.003621
0.001968
0.011194
0.016743
0.010493
0.004273
0.001641
0.002603
0.002592
0.009699
0.018681
0.018830
0.017149
0.009321
0.004536
0.007228
0.005695
0.006964
0.009080
0.009760
0.009427
0.005284
0.009187
0.021299
0.028012
0.021008
0.012088
0.014308
0.020455
0.028952
0.037134
0.037873
0.030929
0.026254
0.026520
0.025504
0.031042
0.038050
0.037886
0.037066
0.035487
0.029825
0.032179
0.041021
0.039962
0.029253
0.022187
0.028863
0.040839
0.045314
0.044234
0.042376
0.033390
0.035134
0.051585
0.054730
0.044360
0.039262
0.038556
0.037141
0.042638
0.046266
0.047484
0.052794
0.053029
0.046628
0.054221
0.070575
0.064398
0.046174
0.048932
0.067021
0.070672
0.066629
0.070246
0.064643
0.053794
0.061147
0.073852
0.072752
0.066953
0.064433
0.066467
0.078124
0.082281
0.065004
0.051182
0.058101
0.070291
0.085212
0.091729
0.080664
0.080091
0.081479
0.073354
0.079192
0.086148
0.078132
0.074332
0.079737
0.083567
0.084973
0.082594
0.074856
0.073865
0.077291
0.079081
0.082534
0.079331
0.072171
0.072211
0.081360
0.088588
0.084876
0.079929
0.082172
0.084103
0.081803
0.080115
0.079511
0.088178
0.099858
0.094441
0.081242
0.078848
0.090299
0.097609
0.091789
0.086145
0.083040
0.081193
0.077025
0.077459
0.084127
0.082623
0.087352
0.094001
0.085959
0.083152
0.082753
0.076726
0.078671
0.080713
0.081890
0.086344
0.085977
0.077453
0.075421
0.082672
0.076736
0.070865
0.077932
0.080632
0.068981
0.060609
0.066805
0.062328
0.051629
0.060626
0.065246
0.055383
0.058845
0.068250
0.072415
0.076107
0.076589
0.075085
0.072451
0.062645
0.054777
0.061710
0.063968
0.063702
0.066975
0.061943
0.068362
0.078833
0.064815
0.046598
0.051656
0.063426
0.062310
0.052400
0.046617
0.056559
0.065188
0.055702
0.054065
0.065841
0.065106
0.061979
0.063534
0.057368
0.053846
0.060799
0.066761
0.057399
0.047727
0.050233
0.048796
0.049594
0.049903
0.042933
0.045410
0.050984
0.046330
0.045964
0.054833
0.051036
0.042228
0.046661
0.049045
0.042265
0.044303
0.044071
0.033069
0.036930
0.047334
0.040185
0.036815
0.045206
0.045825
0.046596
0.037589
0.023996
0.027159
0.033441
0.032062
0.028095
0.026956
0.023878
0.023837
0.029888
0.032650
0.032506
0.037249
0.033924
0.016912
0.013894
0.021771
0.020799
0.022360
0.031438
0.035350
0.026011
0.013678
0.018228
0.026755
0.021893
0.017732
0.021801
0.023241
0.020251
0.023144
0.026297
0.019610
0.014465
0.013607
0.010333
0.011621
0.014860
0.013897
0.010204
0.011338
0.023921
0.027550
0.012561
0.006610
0.017529
0.018351
0.011053
0.013572
0.016415
0.016256
0.014389
0.016019
0.019504
0.020334
0.021640
0.012199
0.002676
0.007625
0.012048
0.010243
0.009263
0.009000
0.013331
0.016085
0.010959
0.010378
0.015480
0.012998
0.006626
0.009860
0.010177
0.001645
-0.001786
0.003438
0.011738
0.013819
0.006904
0.002957
0.006137
0.001665
-0.003424
0.003067
0.010450
0.011057
0.004067
-0.000032
0.001714
0.004015
0.013585
0.022575
0.018949
0.012163
0.009563
0.001227
-0.010319
-0.009539
-0.001208
0.003509
0.004312
-0.001029
-0.013513
-0.020392
-0.018986
-0.018584
-0.013604
-0.004173
-0.004579
-0.012052
-0.013852
-0.012599
-0.014394
-0.013744
-0.008262
-0.002560
0.005163
0.002985
-0.008901
-0.013432
-0.013016
-0.011671
-0.006835
0.004253
0.005553
-0.004081
-0.009637
-0.011731
-0.010117
-0.012482
-0.015522
-0.010237
-0.007086
-0.008424
-0.008811
-0.009847
-0.016986
-0.024212
-0.019201
-0.010431
-0.009532
-0.013261
-0.013780
-0.013669
-0.015690
-0.014315
-0.015013
-0.016540
-0.007448
0.002862
-0.000709
-0.011433
-0.015318
-0.011041
-0.012127
-0.020291
-0.020549
-0.016773
-0.014814
-0.006896
0.002009
0.000551
-0.004902
-0.008755
-0.015092
-0.017422
-0.013655
-0.015440
-0.023134
-0.027222
-0.025126
-0.021918
-0.018661
-0.017394
-0.020270
-0.017838
-0.015453
-0.018795
-0.020639
-0.021524
-0.022604
-0.021497
-0.019761
-0.021362
-0.020722
-0.017266
-0.019650
-0.030584
-0.034585
-0.031498
-0.037493
-0.035708
-0.030074
-0.028788
-0.015863
-0.004008
-0.001845
-0.003812
-0.010848
-0.012292
-0.002414
0.003679
0.005882
0.004553
-0.005160
-0.007738
-0.005638
-0.006336
-0.007065
-0.015508
-0.025349
-0.020680
-0.007717
0.000180
0.004853
0.002941
-0.003876
-0.002847
0.004830
0.006850
-0.003714
-0.005025
0.007010
0.001611
-0.012599
-0.009755
-0.001798
0.002706
0.006396
0.005767
0.002679
-0.001584
0.004101
0.011883
0.006993
0.004240
0.005745
0.009097
0.015029
0.015450
0.013623
0.013458
0.015641
0.015371
0.006502
0.004795
0.013486
0.013698
0.010554
0.013676
0.014984
0.013266
0.018174
0.025049
0.020377
0.010040
0.004526
0.003237
0.010263
0.019907
0.018716
0.012848
0.013176
0.021030
0.028889
0.025616
0.020426
0.028190
0.029837
0.022928
0.018069
0.014129
0.012628
0.006297
0.009266
0.020881
0.019466
0.016583
0.020642
0.020435
0.018308
0.020605
0.020406
0.019055
0.022902
0.028730
0.033039
0.032587
0.032042
0.028764
0.023124
0.030837
0.038286
0.031924
0.024253
0.025693
0.037086
0.041346
0.035729
0.034833
0.037551
0.037534
0.039275
0.043770
0.040947
0.030261
0.020563
0.022752
0.031763
0.037156
0.033355
0.021749
0.016354
0.020723
0.028008
0.030901
0.032084
0.036204
0.038201
0.034126
0.028907
0.025568
0.025730
0.031836
0.038638
0.038032
0.036643
0.037828
0.035931
0.039886
0.043248
0.038390
0.036061
0.032115
0.021372
0.021924
0.029070
0.031157
0.032221
0.028338
0.027921
0.029769
0.029146
0.027902
0.027260
0.030490
0.033309
0.028228
0.017801
0.015319
0.023549
0.033194
0.031252
0.023686
0.029099
0.038010
0.033915
0.024231
0.020851
0.023420
0.024840
0.018589
0.015899
0.022390
0.022689
0.019213
0.018828
0.024284
0.034010
0.038501
0.035245
0.027588
0.026438
0.031614
0.028491
0.020738
0.014949
0.019323
0.026805
0.016407
0.010824
0.013701
0.007352
0.004504
0.007424
0.005958
0.004170
0.002829
-0.002886
-0.009225
-0.013501
-0.010142
-0.001771
0.009967
0.016334
0.005073
-0.007717
-0.008232
-0.002525
-0.002789
-0.004560
-0.003536
-0.010376
-0.024215
-0.022754
-0.011727
-0.013107
-0.017112
-0.020317
-0.025146
-0.029441
-0.032330
-0.031851
-0.031580
-0.034549
-0.036835
-0.030799
-0.021428
-0.023672
-0.037373
-0.042890
-0.038763
-0.037053
-0.040654
-0.043333
-0.037959
-0.037575
-0.042933
-0.041590
-0.033864
-0.030127
-0.034364
-0.040194
-0.039212
-0.035185
-0.033624
-0.024591
-0.020036
-0.029330
-0.044950
-0.064152
-0.058263
-0.043548
-0.052500
-0.059042
-0.063197
-0.073922
-0.080541
-0.072281
-0.057250
-0.051392
-0.046551
-0.039547
-0.037953
-0.048621
-0.052575
-0.046017
-0.053221
-0.056375
-0.045694
-0.042130
-0.044000
-0.042825
-0.042838
-0.050331
-0.061985
-0.064204
-0.059123
-0.057005
-0.056910
-0.063612
-0.071556
-0.065786
-0.060612
-0.063319
-0.064589
-0.067426
-0.068496
-0.062761
-0.057446
-0.060473
-0.067681
-0.069315
-0.061961
-0.058527
-0.061719
-0.065007
-0.066931
-0.055664
-0.046491
-0.058360
-0.068446
-0.069652
-0.069090
-0.066774
-0.066781
-0.067616
-0.068538
-0.064168
-0.060389
-0.058655
-0.054844
-0.054330
-0.054755
-0.057593
-0.066989
-0.071911
-0.065291
-0.060603
-0.059945
-0.064238
-0.067502
-0.056968
-0.048528
-0.052301
-0.055178
-0.054522
-0.062907
-0.077478
-0.080366
-0.074202
-0.066907
-0.057097
-0.055740
-0.055705
-0.048687
-0.046941
-0.051472
-0.054694
-0.054176
-0.054468
-0.052223
-0.049584
-0.054257
-0.060986
-0.057261
-0.047462
-0.046762
-0.053828
-0.062765
-0.061897
-0.054017
-0.046912
-0.045111
-0.054333
-0.058085
-0.055314
-0.051467
-0.051397
-0.052641
-0.050899
-0.053003
-0.048877
-0.040201
-0.038890
-0.042275
-0.044484
-0.046413
-0.045117
-0.043179
-0.045486
-0.046118
-0.045142
-0.047072
-0.048695
-0.042892
-0.036395
-0.042116
-0.053397
-0.055744
-0.051623
-0.047626
-0.046975
-0.048661
-0.047751
-0.046779
-0.042366
-0.036819
-0.042287
-0.048943
-0.043600
-0.034430
-0.032098
-0.031056
-0.030059
-0.036161
-0.046442
-0.047591
-0.036697
-0.038233
-0.048320
-0.046677
-0.038929
-0.030643
-0.029570
-0.038503
-0.043687
-0.037324
-0.034422
-0.037157
-0.032419
-0.026240
-0.029768
-0.036401
-0.037356
-0.032910
-0.022850
-0.021721
-0.033082
-0.036561
-0.028406
-0.019217
-0.018407
-0.027722
-0.031022
-0.022548
-0.018077
-0.024043
-0.028898
-0.019873
-0.009298
-0.010352
-0.020015
-0.029456
-0.029178
-0.025934
-0.025273
-0.025064
-0.023869
-0.021630
-0.029899
-0.035410
-0.020879
-0.013823
-0.015567
-0.007751
-0.005978
-0.017085
-0.025805
-0.023917
-0.027871
-0.034836
-0.024454
-0.009865
-0.009182
-0.014830
-0.009920
-0.002489
-0.005997
-0.017768
-0.021238
-0.015250
-0.014790
-0.014263
-0.012525
-0.015345
-0.016811
-0.014314
-0.010478
-0.006523
-0.008252
-0.010990
-0.004061
-0.005557
-0.021960
-0.026647
-0.021323
-0.017178
-0.015112
-0.013685
-0.008445
-0.008537
-0.009764
-0.005608
-0.005702
-0.013407
-0.017481
-0.011336
-0.001702
0.008494
0.006683
-0.004437
-0.005484
-0.001632
-0.002927
-0.011956
-0.014639
-0.002350
0.002951
-0.001447
-0.003775
-0.003410
-0.002482
-0.005587
-0.008345
-0.007768
-0.003568
0.001979
-0.000867
-0.011113
-0.015614
-0.010570
-0.006517
-0.004317
0.005416
0.007996
-0.006304
-0.016270
-0.014850
-0.008079
0.002455
0.010227
0.004669
0.001018
0.009000
0.012929
0.007936
0.002607
0.005867
0.007536
0.002777
-0.010931
-0.019408
-0.010645
-0.005306
-0.001558
0.003041
0.005824
0.007225
0.003812
0.004821
0.006680
0.001499
-0.002259
0.003726
0.005867
0.000987
0.000620
-0.002718
-0.004935
-0.004184
-0.011802
-0.015274
-0.009269
-0.001181
0.003465
-0.000457
-0.001029
0.001035
-0.000951
-0.005047
-0.011701
-0.006909
0.001012
-0.005642
-0.002788
0.000001
-0.012675
-0.015960
-0.009828
-0.005212
-0.007665
-0.009552
-0.005421
-0.005129
-0.004606
-0.006059
-0.009009
-0.002289
0.005825
0.003682
0.000676
0.002458
-0.001104
-0.006224
-0.002789
0.007482
0.006147
-0.005976
-0.010930
-0.009527
-0.005154
-0.007381
-0.012751
-0.017003
-0.025307
-0.020084
-0.007346
-0.005929
-0.006651
-0.014795
-0.041495
-0.050661
-0.027458
-0.014804
-0.008954
0.003359
0.004859
-0.003430
-0.032013
-0.065901
-0.056192
-0.033121
-0.049054
-0.058041
-0.034291
-0.019825
-0.022663
-0.028775
-0.031858
-0.023192
-0.013639
-0.015869
-0.015944
-0.016501
-0.028904
-0.040607
-0.036746
-0.022748
-0.012294
-0.010161
-0.013464
-0.023090
-0.034790
-0.032588
-0.018229
-0.008018
-0.007466
-0.008389
-0.005434
-0.009102
-0.010906
0.000594
-0.002886
-0.018216
-0.015706
-0.007399
-0.015983
-0.026827
-0.022712
-0.018572
-0.016365
-0.013009
-0.012456
-0.009330
-0.009001
-0.025205
-0.043469
-0.041580
-0.030537
-0.018870
-0.012931
-0.019367
-0.017025
-0.007939
-0.007193
-0.005037
-0.009155
-0.018796
-0.013310
-0.009592
-0.030603
-0.049609
-0.058985
-0.095015
-0.115687
-0.086490
-0.059380
-0.036957
-0.014411
-0.012572
-0.014711
-0.005909
-0.001753
-0.011109
-0.017643
-0.016970
-0.014313
-0.007490
-0.008741
-0.013189
-0.011571
-0.013839
-0.014346
-0.010162
-0.012460
-0.025757
-0.039053
-0.035637
-0.022443
-0.019785
-0.020462
-0.017285
-0.015743
-0.016554
-0.019866
-0.022064
-0.023302
-0.025553
-0.028235
-0.028815
-0.028534
-0.027501
-0.034327
-0.048089
-0.042204
-0.024211
-0.011557
-0.010026
-0.016965
-0.014908
-0.012023
-0.016449
-0.028548
-0.042341
-0.039352
-0.026789
-0.025556
-0.031424
-0.035129
-0.029302
-0.013254
-0.018845
-0.031272
-0.003595
0.005158
-0.017528
-0.015980
-0.021312
-0.030018
-0.027231
-0.028923
-0.029598
-0.026223
-0.023674
-0.028955
-0.030243
-0.026518
-0.031853
-0.035201
-0.031471
-0.035058
-0.041553
-0.039598
-0.036750
-0.045531
-0.052995
-0.048635
-0.049625
-0.064745
-0.069469
-0.051117
-0.042878
-0.046135
-0.044044
-0.041452
-0.038526
-0.030365
-0.024598
-0.033575
-0.039787
-0.039343
-0.037522
-0.035279
-0.043439
-0.044391
-0.031710
-0.031320
-0.037959
-0.035945
-0.038399
-0.046124
-0.044346
-0.035732
-0.036469
-0.045415
-0.044599
-0.038754
-0.034693
-0.032121
-0.034271
-0.035396
-0.034202
-0.033646
-0.038643
-0.044139
-0.038983
-0.032997
-0.035713
-0.043247
-0.049560
-0.041894
-0.033920
-0.043516
-0.046263
-0.033283
-0.028115
-0.031439
-0.033774
-0.037667
-0.040338
-0.043517
-0.045741
-0.042357
-0.038861
-0.038057
-0.043153
-0.049861
-0.047081
-0.034997
-0.024580
-0.031850
-0.043590
-0.037340
-0.031938
-0.039965
-0.039291
-0.032838
-0.036596
-0.036777
-0.032644
-0.036342
-0.037725
-0.029056
-0.020460
-0.020835
-0.025951
-0.027623
-0.027701
-0.029773
-0.032455
-0.033045
-0.036522
-0.044280
-0.043192
-0.033061
-0.027221
-0.030167
-0.035313
-0.034346
-0.031713
-0.032616
-0.030278
-0.029672
-0.037775
-0.041049
-0.033855
-0.029089
-0.027895
-0.025997
-0.024546
-0.024568
-0.032341
-0.036301
-0.026348
-0.024483
-0.030997
-0.027925
-0.025934
-0.029019
-0.029227
-0.033555
-0.037946
-0.037945
-0.036922
-0.037066
-0.038072
-0.030480
-0.024711
-0.032423
-0.036451
-0.027835
-0.024726
-0.033659
-0.040308
-0.040097
-0.042526
-0.043060
-0.031478
-0.025167
-0.037240
-0.047107
-0.048635
-0.052165
-0.050594
-0.043680
-0.036567
-0.043901
-0.057136
-0.054964
-0.052506
-0.048206
-0.043569
-0.048339
-0.052737
-0.052700
-0.048743
-0.051030
-0.057490
-0.054166
-0.045707
-0.048571
-0.060286
-0.057749
-0.049334
-0.051987
-0.054433
-0.053753
-0.056891
-0.050792
-0.040581
-0.045013
-0.049786
-0.050170
-0.050628
-0.050686
-0.054303
-0.057552
-0.058903
-0.058304
-0.062330
-0.072298
-0.077214
-0.079205
-0.077324
-0.072215
-0.069111
-0.069169
-0.069465
-0.065245
-0.069323
-0.081331
-0.082874
-0.073612
-0.066177
-0.066238
-0.071248
-0.078911
-0.084119
-0.075746
-0.064818
-0.065634
-0.069940
-0.073236
-0.077283
-0.076479
-0.073021
-0.083889
-0.088345
-0.078982
-0.080606
-0.082214
-0.078799
-0.074691
-0.073479
-0.083261
-0.086236
-0.078789
-0.078172
-0.074237
-0.066872
-0.068487
-0.073762
-0.080491
-0.078837
-0.070060
-0.076283
-0.086868
-0.088384
-0.086022
-0.082150
-0.086575
-0.092328
-0.087584
-0.080709
-0.080414
-0.078078
-0.074656
-0.079129
-0.079916
-0.080561
-0.086668
-0.085957
-0.079178
-0.074118
-0.077968
-0.082443
-0.075962
-0.070337
-0.074239
-0.085031
-0.086327
-0.079328
-0.080750
-0.080679
-0.076328
-0.074250
-0.073799
-0.080845
-0.087745
-0.082800
-0.081213
-0.082023
-0.074386
-0.066343
-0.062584
-0.063202
-0.066465
-0.066912
-0.062269
-0.061752
-0.062080
-0.063204
-0.072356
-0.072510
-0.064102
-0.062478
-0.065756
-0.067667
-0.061688
-0.057300
-0.057917
-0.054412
-0.047302
-0.042941
-0.048765
-0.051717
-0.046543
-0.044249
-0.042675
-0.046443
-0.055537
-0.055673
-0.051426
-0.050733
-0.051677
-0.044335
-0.031293
-0.032315
-0.041046
-0.042178
-0.035401
-0.032816
-0.036877
-0.041080
-0.039555
-0.030507
-0.029584
-0.035191
-0.037337
-0.037171
-0.028903
-0.026271
-0.031332
-0.026266
-0.028606
-0.035892
-0.031630
-0.025218
-0.018217
-0.015495
-0.024368
-0.034926
-0.032242
-0.018917
-0.012046
-0.012299
-0.010975
-0.008954
-0.011794
-0.015040
-0.012707
-0.010714
-0.008943
-0.006525
-0.006517
-0.009039
-0.014046
-0.017430
-0.012589
-0.006153
-0.007965
-0.011842
-0.007806
-0.004855
-0.005981
0.000784
0.003316
-0.001555
-0.000188
0.002127
0.004871
0.014357
0.021368
0.019332
0.019136
0.023088
0.023244
0.019532
0.015357
-0.003579
-0.022578
-0.003079
0.019310
0.018094
0.016586
0.012805
0.011575
0.022812
0.027550
0.021556
0.020738
0.022475
0.020927
0.019919
0.023179
0.026463
0.024238
0.024150
0.028672
0.034447
0.043228
0.047250
0.042304
0.033729
0.030161
0.035348
0.039836
0.038718
0.034458
0.030769
0.029636
0.033081
0.037054
0.019886
0.003411
0.015932
0.026939
0.023458
0.025938
0.039041
0.044361
0.041595
0.037546
0.036180
0.041599
0.042443
0.037576
0.030340
0.026826
0.031393
0.035280
0.055309
0.081574
0.067544
0.043466
0.043351
0.046033
0.042349
0.032282
0.030554
0.044546
0.047976
0.035719
0.027177
0.034588
0.047166
0.043696
0.039880
0.041155
0.036597
0.037231
0.039011
0.033273
0.031696
0.033777
0.024822
0.017101
0.024047
0.032453
0.038201
0.046111
0.044665
0.031695
0.027883
0.028476
0.026737
0.037431
0.046890
0.038672
0.030558
0.131165
0.228966
0.136464
0.050258
0.047178
0.045169
0.047816
0.033547
0.027386
0.037732
0.035571
0.027550
0.029318
0.034891
0.036850
0.033915
0.025006
0.017869
0.023754
0.033008
0.027744
0.018561
0.021777
0.030379
0.031231
0.024501
0.023266
0.028011
0.027925
0.025451
0.020138
0.013771
0.020326
0.024442
0.020267
0.025717
0.025665
0.015665
0.016087
0.030355
0.020155
-0.005191
-0.001761
0.006971
0.014177
0.017312
0.015483
0.019025
0.015932
-0.001970
-0.018140
-0.007227
-0.003405
-0.020269
-0.012845
0.005407
0.012714
0.019650
0.020068
0.012963
0.011951
0.016955
0.013361
0.006544
0.006495
0.012744
0.013028
0.003916
0.004057
0.010767
0.008936
0.002812
0.004810
0.007539
0.002255
-0.004332
-0.007292
-0.006545
-0.005294
-0.009270
-0.012571
-0.015334
-0.006970
-0.002807
0.003223
0.038912
0.007054
-0.038749
-0.015002
-0.002681
-0.003886
-0.008245
-0.016827
-0.020234
-0.018064
-0.011244
-0.014952
-0.019885
-0.013044
-0.009556
-0.009410
-0.005737
0.001629
0.001700
-0.017597
-0.028131
-0.019428
-0.019305
-0.021585
-0.019680
-0.020080
-0.015718
-0.013644
-0.013173
-0.015250
-0.023560
-0.021608
-0.026591
-0.067932
-0.077368
-0.031256
-0.012962
-0.018432
-0.018392
-0.019621
-0.023417
-0.031551
-0.037360
-0.036400
-0.029747
-0.024121
-0.020460
-0.014897
-0.013377
-0.026064
-0.032357
-0.025589
-0.028680
-0.036708
-0.043965
-0.038767
-0.025754
-0.025454
-0.027291
-0.029377
-0.031403
-0.028438
-0.026858
-0.026254
-0.024758
-0.028726
-0.032515
-0.030726
-0.031605
-0.036409
-0.042048
-0.040235
-0.036993
-0.044911
-0.048021
-0.035698
-0.027482
-0.036807
-0.040513
-0.027645
-0.023509
-0.028298
-0.027125
-0.027664
-0.032382
-0.035954
-0.039835
-0.039944
-0.035799
-0.036292
-0.041316
-0.044011
-0.043387
-0.037845
-0.029342
-0.026398
-0.031007
-0.038554
-0.040496
-0.038627
-0.037302
-0.037112
-0.039883
-0.036168
-0.029202
-0.025124
-0.026445
-0.037289
-0.046467
-0.043741
-0.033543
-0.038745
-0.045477
-0.034819
-0.028822
-0.029384
-0.030757
-0.031809
-0.030470
-0.028479
-0.028207
-0.031002
-0.033177
-0.036121
-0.042290
-0.045306
-0.040533
-0.034359
-0.040674
-0.049166
-0.041741
-0.036402
-0.039332
-0.042041
-0.042895
-0.041518
-0.034463
-0.026022
-0.029318
-0.030486
-0.026881
-0.030993
-0.039213
-0.041503
-0.034253
-0.031583
-0.037054
-0.039062
-0.031699
-0.024080
-0.028769
-0.034787
-0.034941
-0.035702
-0.036062
-0.037176
-0.043202
-0.042503
-0.031949
-0.024410
-0.020863
-0.026751
-0.038081
-0.033154
-0.021941
-0.023476
-0.026249
-0.021489
-0.015613
-0.015079
-0.015559
-0.014183
-0.013640
-0.013577
-0.012874
-0.012213
-0.011761
-0.010780
-0.013632
-0.015552
-0.011251
-0.008405
-0.009385
-0.010469
-0.009859
-0.008389
-0.006993
-0.004783
-0.003767
-0.002234
-0.001229
-0.003598
-0.005663
-0.006916
-0.005172
-0.002234
-0.002899
-0.003616
-0.005231
-0.006421
-0.003242
-0.001953
-0.003121
-0.002336
-0.000488
-0.000220
-0.002535
-0.003714
-0.002032
-0.000844
-0.001052
-0.001169
-0.001339
-0.000947
-0.000847
-0.001165
-0.000542
-0.001331
-0.002703
-0.002469
-0.001467
-0.001465
-0.001861
-0.001080
-0.000308
0.000004
-0.000202
-0.000660
-0.000853
-0.000918
-0.000733
-0.000508
-0.000463
-0.000286
-0.000096
-0.000043
0.000078
-0.000531
-0.000886
-0.000060
0.000312
0.000713
0.000801
0.000086
0.000063
0.000721
0.001067
0.000669
0.000097
-0.000094
-0.000182
-0.000613
-0.000647
-0.000608
-0.001209
-0.001115
-0.000328
