-0.003704
-0.003704
-0.003247
-0.002791
-0.001223
0.000345
0.001056
0.001766
0.001242
0.000718
-0.000520
-0.001758
-0.002095
-0.002432
-0.002101
-0.001770
-0.002229
-0.002688
-0.002794
-0.002899
-0.002834
-0.002769
-0.003586
-0.004402
-0.003961
-0.003520
-0.003121
-0.002723
-0.004874
-0.007024
-0.007613
-0.008201
-0.006399
-0.004597
-0.004598
-0.004599
-0.004924
-0.005248
-0.005075
-0.004903
-0.006452
-0.008001
-0.007878
-0.007754
-0.005723
-0.003691
-0.004015
-0.004338
-0.005144
-0.005950
-0.005096
-0.004241
-0.005059
-0.005877
-0.008929
-0.011981
-0.012837
-0.013694
-0.011838
-0.009982
-0.008235
-0.006487
-0.005914
-0.005340
-0.005874
-0.006408
-0.006326
-0.006243
-0.006690
-0.007137
-0.009270
-0.011404
-0.011115
-0.010827
-0.009251
-0.007675
-0.006638
-0.005601
-0.005624
-0.005647
-0.008819
-0.011991
-0.013626
-0.015261
-0.013176
-0.011091
-0.009966
-0.008842
-0.010173
-0.011504
-0.010577
-0.009651
-0.005902
-0.002154
-0.000772
0.000610
-0.001809
-0.004229
-0.006706
-0.009184
-0.008652
-0.008120
-0.008295
-0.008470
-0.008436
-0.008401
-0.006906
-0.005411
-0.006481
-0.007550
-0.007713
-0.007876
-0.006710
-0.005545
-0.007768
-0.009992
-0.012077
-0.014161
-0.013497
-0.012833
-0.012679
-0.012525
-0.011688
-0.010851
-0.007597
-0.004342
-0.004695
-0.005048
-0.008950
-0.012851
-0.014711
-0.016570
-0.014347
-0.012123
-0.006753
-0.001383
0.000207
0.001796
0.000256
-0.001283
-0.003041
-0.004800
-0.005736
-0.006673
-0.004999
-0.003324
-0.002237
-0.001150
-0.001164
-0.001179
-0.003193
-0.005206
-0.011413
-0.017620
-0.019093
-0.020567
-0.016140
-0.011712
-0.011586
-0.011460
-0.012027
-0.012594
-0.010031
-0.007468
-0.002727
0.002014
0.005652
0.009289
0.007947
0.006605
0.004780
0.002955
0.004260
0.005565
0.006081
0.006596
0.005855
0.005114
0.008819
0.012523
0.018109
0.023694
0.022555
0.021416
0.016021
0.010625
0.007123
0.003621
0.002794
0.001968
0.006581
0.011194
0.013969
0.016743
0.013618
0.010493
0.007383
0.004273
0.002957
0.001641
0.002122
0.002603
0.002598
0.002592
0.006146
0.009699
0.014190
0.018681
0.018756
0.018830
0.017990
0.017149
0.013235
0.009321
0.006929
0.004536
0.005882
0.007228
0.006461
0.005695
0.006329
0.006964
0.008022
0.009080
0.009420
0.009760
0.009594
0.009427
0.007356
0.005284
0.007236
0.009187
0.015243
0.021299
0.024655
0.028012
0.024510
0.021008
0.016548
0.012088
0.013198
0.014308
0.017382
0.020455
0.024704
0.028952
0.033043
0.037134
0.037503
0.037873
0.034401
0.030929
0.028592
0.026254
0.026387
0.026520
0.026012
0.025504
0.028273
0.031042
0.034546
0.038050
0.037968
0.037886
0.037476
0.037066
0.036277
0.035487
0.032656
0.029825
0.031002
0.032179
0.036600
0.041021
0.040492
0.039962
0.034607
0.029253
0.025720
0.022187
0.025525
0.028863
0.034851
0.040839
0.043077
0.045314
0.044774
0.044234
0.043305
0.042376
0.037883
0.033390
0.034262
0.035134
0.043359
0.051585
0.053157
0.054730
0.049545
0.044360
0.041811
0.039262
0.038909
0.038556
0.037848
0.037141
0.039890
0.042638
0.044452
0.046266
0.046875
0.047484
0.050139
0.052794
0.052911
0.053029
0.049828
0.046628
0.050424
0.054221
0.062398
0.070575
0.067487
0.064398
0.055286
0.046174
0.047553
0.048932
0.057977
0.067021
0.068847
0.070672
0.068650
0.066629
0.068437
0.070246
0.067444
0.064643
0.059218
0.053794
0.057471
0.061147
0.067500
0.073852
0.073302
0.072752
0.069853
0.066953
0.065693
0.064433
0.065450
0.066467
0.072296
0.078124
0.080203
0.082281
0.073642
0.065004
0.058093
0.051182
0.054642
0.058101
0.064196
0.070291
0.077752
0.085212
0.088471
0.091729
0.086197
0.080664
0.080378
0.080091
0.080785
0.081479
0.077417
0.073354
0.076273
0.079192
0.082670
0.086148
0.082140
0.078132
0.076232
0.074332
0.077035
0.079737
0.081652
0.083567
0.084270
0.084973
0.083784
0.082594
0.078725
0.074856
0.074361
0.073865
0.075578
0.077291
0.078186
0.079081
0.080808
0.082534
0.080932
0.079331
0.075751
0.072171
0.072191
0.072211
0.076786
0.081360
0.084974
0.088588
0.086732
0.084876
0.082403
0.079929
0.081051
0.082172
0.083138
0.084103
0.082953
0.081803
0.080959
0.080115
0.079813
0.079511
0.083845
0.088178
0.094018
0.099858
0.097150
0.094441
0.087842
0.081242
0.080045
0.078848
0.084573
0.090299
0.093954
0.097609
0.094699
0.091789
0.088967
0.086145
0.084593
0.083040
0.082117
0.081193
0.079109
0.077025
0.077242
0.077459
0.080793
0.084127
0.083375
0.082623
0.084987
0.087352
0.090677
0.094001
0.089980
0.085959
0.084556
0.083152
0.082953
0.082753
0.079740
0.076726
0.077699
0.078671
0.079692
0.080713
0.081301
0.081890
0.084117
0.086344
0.086161
0.085977
0.081715
0.077453
0.076437
0.075421
0.079046
0.082672
0.079704
0.076736
0.073801
0.070865
0.074399
0.077932
0.079282
0.080632
0.074807
0.068981
0.064795
0.060609
0.063707
0.066805
0.064566
0.062328
0.056978
0.051629
0.056127
0.060626
0.062936
0.065246
0.060315
0.055383
0.057114
0.058845
0.063547
0.068250
0.070333
0.072415
0.074261
0.076107
0.076348
0.076589
0.075837
0.075085
0.073768
0.072451
0.067548
0.062645
0.058711
0.054777
0.058243
0.061710
0.062839
0.063968
0.063835
0.063702
0.065339
0.066975
0.064459
0.061943
0.065153
0.068362
0.073598
0.078833
0.071824
0.064815
0.055706
0.046598
0.049127
0.051656
0.057541
0.063426
0.062868
0.062310
0.057355
0.052400
0.049508
0.046617
0.051588
0.056559
0.060874
0.065188
0.060445
0.055702
0.054884
0.054065
0.059953
0.065841
0.065474
0.065106
0.063542
0.061979
0.062756
0.063534
0.060451
0.057368
0.055607
0.053846
0.057323
0.060799
0.063780
0.066761
0.062080
0.057399
0.052563
0.047727
0.048980
0.050233
0.049514
0.048796
0.049195
0.049594
0.049748
0.049903
0.046418
0.042933
0.044172
0.045410
0.048197
0.050984
0.048657
0.046330
0.046147
0.045964
0.050399
0.054833
0.052934
0.051036
0.046632
0.042228
0.044445
0.046661
0.047853
0.049045
0.045655
0.042265
0.043284
0.044303
0.044187
0.044071
0.038570
0.033069
0.034999
0.036930
0.042132
0.047334
0.043760
0.040185
0.038500
0.036815
0.041010
0.045206
0.045515
0.045825
0.046211
0.046596
0.042093
0.037589
0.030793
0.023996
0.025577
0.027159
0.030300
0.033441
0.032752
0.032062
0.030078
0.028095
0.027525
0.026956
0.025417
0.023878
0.023857
0.023837
0.026862
0.029888
0.031269
0.032650
0.032578
0.032506
0.034877
0.037249
0.035587
0.033924
0.025418
0.016912
0.015403
0.013894
0.017832
0.021771
0.021285
0.020799
0.021579
0.022360
0.026899
0.031438
0.033394
0.035350
0.030680
0.026011
0.019845
0.013678
0.015953
0.018228
0.022491
0.026755
0.024324
0.021893
0.019812
0.017732
0.019767
0.021801
0.022521
0.023241
0.021746
0.020251
0.021698
0.023144
0.024721
0.026297
0.022953
0.019610
0.017038
0.014465
0.014036
0.013607
0.011970
0.010333
0.010977
0.011621
0.013241
0.014860
0.014378
0.013897
0.012050
0.010204
0.010771
0.011338
0.017629
0.023921
0.025735
0.027550
0.020056
0.012561
0.009586
0.006610
0.012069
0.017529
0.017940
0.018351
0.014702
0.011053
0.012312
0.013572
0.014994
0.016415
0.016335
0.016256
0.015322
0.014389
0.015204
0.016019
0.017762
0.019504
0.019919
0.020334
0.020987
0.021640
0.016920
0.012199
0.007437
0.002676
0.005150
0.007625
0.009836
0.012048
0.011145
0.010243
0.009753
0.009263
0.009131
0.009000
0.011165
0.013331
0.014708
0.016085
0.013522
0.010959
0.010669
0.010378
0.012929
0.015480
0.014239
0.012998
0.009812
0.006626
0.008243
0.009860
0.010019
0.010177
0.005911
0.001645
-0.000070
-0.001786
0.000826
0.003438
0.007588
0.011738
0.012778
0.013819
0.010361
0.006904
0.004931
0.002957
0.004547
0.006137
0.003901
0.001665
-0.000880
-0.003424
-0.000178
0.003067
0.006759
0.010450
0.010754
0.011057
0.007562
0.004067
0.002018
-0.000032
0.000841
0.001714
0.002864
0.004015
0.008800
0.013585
0.018080
0.022575
0.020762
0.018949
0.015556
0.012163
0.010863
0.009563
0.005395
0.001227
-0.004546
-0.010319
-0.009929
-0.009539
-0.005374
-0.001208
0.001150
0.003509
0.003911
0.004312
0.001642
-0.001029
-0.007271
-0.013513
-0.016952
-0.020392
-0.019689
-0.018986
-0.018785
-0.018584
-0.016094
-0.013604
-0.008889
-0.004173
-0.004376
-0.004579
-0.008316
-0.012052
-0.012952
-0.013852
-0.013225
-0.012599
-0.013497
-0.014394
-0.014069
-0.013744
-0.011003
-0.008262
-0.005411
-0.002560
0.001302
0.005163
0.004074
0.002985
-0.002958
-0.008901
-0.011167
-0.013432
-0.013224
-0.013016
-0.012343
-0.011671
-0.009253
-0.006835
-0.001291
0.004253
0.004903
0.005553
0.000736
-0.004081
-0.006859
-0.009637
-0.010684
-0.011731
-0.010924
-0.010117
-0.011299
-0.012482
-0.014002
-0.015522
-0.012880
-0.010237
-0.008662
-0.007086
-0.007755
-0.008424
-0.008618
-0.008811
-0.009329
-0.009847
-0.013416
-0.016986
-0.020599
-0.024212
-0.021707
-0.019201
-0.014816
-0.010431
-0.009982
-0.009532
-0.011397
-0.013261
-0.013521
-0.013780
-0.013724
-0.013669
-0.014679
-0.015690
-0.015002
-0.014315
-0.014664
-0.015013
-0.015776
-0.016540
-0.011994
-0.007448
-0.002293
0.002862
0.001076
-0.000709
-0.006071
-0.011433
-0.013375
-0.015318
-0.013179
-0.011041
-0.011584
-0.012127
-0.016209
-0.020291
-0.020420
-0.020549
-0.018661
-0.016773
-0.015793
-0.014814
-0.010855
-0.006896
-0.002444
0.002009
0.001280
0.000551
-0.002175
-0.004902
-0.006828
-0.008755
-0.011923
-0.015092
-0.016257
-0.017422
-0.015538
-0.013655
-0.014548
-0.015440
-0.019287
-0.023134
-0.025178
-0.027222
-0.026174
-0.025126
-0.023522
-0.021918
-0.020289
-0.018661
-0.018027
-0.017394
-0.018832
-0.020270
-0.019054
-0.017838
-0.016646
-0.015453
-0.017124
-0.018795
-0.019717
-0.020639
-0.021081
-0.021524
-0.022064
-0.022604
-0.022051
-0.021497
-0.020629
-0.019761
-0.020561
-0.021362
-0.021042
-0.020722
-0.018994
-0.017266
-0.018458
-0.019650
-0.025117
-0.030584
-0.032585
-0.034585
-0.033042
-0.031498
-0.034496
-0.037493
-0.036600
-0.035708
-0.032891
-0.030074
-0.029431
-0.028788
-0.022325
-0.015863
-0.009935
-0.004008
-0.002926
-0.001845
-0.002828
-0.003812
-0.007330
-0.010848
-0.011570
-0.012292
-0.007353
-0.002414
0.000633
0.003679
0.004780
0.005882
0.005217
0.004553
-0.000304
-0.005160
-0.006449
-0.007738
-0.006688
-0.005638
-0.005987
-0.006336
-0.006700
-0.007065
-0.011286
-0.015508
-0.020428
-0.025349
-0.023014
-0.020680
-0.014198
-0.007717
-0.003769
0.000180
0.002516
0.004853
0.003897
0.002941
-0.000467
-0.003876
-0.003362
-0.002847
0.000991
0.004830
0.005840
0.006850
0.001568
-0.003714
-0.004370
-0.005025
0.000992
0.007010
0.004310
0.001611
-0.005494
-0.012599
-0.011177
-0.009755
-0.005777
-0.001798
0.000454
0.002706
0.004551
0.006396
0.006081
0.005767
0.004223
0.002679
0.000547
-0.001584
0.001258
0.004101
0.007992
0.011883
0.009438
0.006993
0.005616
0.004240
0.004992
0.005745
0.007421
0.009097
0.012063
0.015029
0.015240
0.015450
0.014537
0.013623
0.013540
0.013458
0.014549
0.015641
0.015506
0.015371
0.010936
0.006502
0.005648
0.004795
0.009141
0.013486
0.013592
0.013698
0.012126
0.010554
0.012115
0.013676
0.014330
0.014984
0.014125
0.013266
0.015720
0.018174
0.021612
0.025049
0.022713
0.020377
0.015209
0.010040
0.007283
0.004526
0.003881
0.003237
0.006750
0.010263
0.015085
0.019907
0.019311
0.018716
0.015782
0.012848
0.013012
0.013176
0.017103
0.021030
0.024960
0.028889
0.027252
0.025616
0.023021
0.020426
0.024308
0.028190
0.029013
0.029837
0.026382
0.022928
0.020498
0.018069
0.016099
0.014129
0.013379
0.012628
0.009463
0.006297
0.007782
0.009266
0.015074
0.020881
0.020174
0.019466
0.018024
0.016583
0.018612
0.020642
0.020538
0.020435
0.019371
0.018308
0.019456
0.020605
0.020505
0.020406
0.019731
0.019055
0.020979
0.022902
0.025816
0.028730
0.030884
0.033039
0.032813
0.032587
0.032314
0.032042
0.030403
0.028764
0.025944
0.023124
0.026980
0.030837
0.034561
0.038286
0.035105
0.031924
0.028089
0.024253
0.024973
0.025693
0.031389
0.037086
0.039216
0.041346
0.038538
0.035729
0.035281
0.034833
0.036192
0.037551
0.037542
0.037534
0.038404
0.039275
0.041523
0.043770
0.042359
0.040947
0.035604
0.030261
0.025412
0.020563
0.021658
0.022752
0.027258
0.031763
0.034459
0.037156
0.035256
0.033355
0.027552
0.021749
0.019052
0.016354
0.018539
0.020723
0.024366
0.028008
0.029454
0.030901
0.031492
0.032084
0.034144
0.036204
0.037203
0.038201
0.036163
0.034126
0.031516
0.028907
0.027237
0.025568
0.025649
0.025730
0.028783
0.031836
0.035237
0.038638
0.038335
0.038032
0.037338
0.036643
0.037235
0.037828
0.036880
0.035931
0.037908
0.039886
0.041567
0.043248
0.040819
0.038390
0.037225
0.036061
0.034088
0.032115
0.026744
0.021372
0.021648
0.021924
0.025497
0.029070
0.030113
0.031157
0.031689
0.032221
0.030279
0.028338
0.028130
0.027921
0.028845
0.029769
0.029457
0.029146
0.028524
0.027902
0.027581
0.027260
0.028875
0.030490
0.031899
0.033309
0.030768
0.028228
0.023014
0.017801
0.016560
0.015319
0.019434
0.023549
0.028371
0.033194
0.032223
0.031252
0.027469
0.023686
0.026392
0.029099
0.033554
0.038010
0.035962
0.033915
0.029073
0.024231
0.022541
0.020851
0.022136
0.023420
0.024130
0.024840
0.021714
0.018589
0.017244
0.015899
0.019145
0.022390
0.022540
0.022689
0.020951
0.019213
0.019021
0.018828
0.021556
0.024284
0.029147
0.034010
0.036255
0.038501
0.036873
0.035245
0.031416
0.027588
0.027013
0.026438
0.029026
0.031614
0.030052
0.028491
0.024614
0.020738
0.017844
0.014949
0.017136
0.019323
0.023064
0.026805
0.021606
0.016407
0.013615
0.010824
0.012262
0.013701
0.010527
0.007352
0.005928
0.004504
0.005964
0.007424
0.006691
0.005958
0.005064
0.004170
0.003500
0.002829
-0.000028
-0.002886
-0.006055
-0.009225
-0.011363
-0.013501
-0.011821
-0.010142
-0.005957
-0.001771
0.004098
0.009967
0.013150
0.016334
0.010704
0.005073
-0.001322
-0.007717
-0.007974
-0.008232
-0.005378
-0.002525
-0.002657
-0.002789
-0.003675
-0.004560
-0.004048
-0.003536
-0.006956
-0.010376
-0.017296
-0.024215
-0.023484
-0.022754
-0.017240
-0.011727
-0.012417
-0.013107
-0.015110
-0.017112
-0.018714
-0.020317
-0.022731
-0.025146
-0.027293
-0.029441
-0.030886
-0.032330
-0.032091
-0.031851
-0.031716
-0.031580
-0.033065
-0.034549
-0.035692
-0.036835
-0.033817
-0.030799
-0.026114
-0.021428
-0.022550
-0.023672
-0.030522
-0.037373
-0.040132
-0.042890
-0.040827
-0.038763
-0.037908
-0.037053
-0.038853
-0.040654
-0.041994
-0.043333
-0.040646
-0.037959
-0.037767
-0.037575
-0.040254
-0.042933
-0.042262
-0.041590
-0.037727
-0.033864
-0.031996
-0.030127
-0.032246
-0.034364
-0.037279
-0.040194
-0.039703
-0.039212
-0.037199
-0.035185
-0.034404
-0.033624
-0.029107
-0.024591
-0.022313
-0.020036
-0.024683
-0.029330
-0.037140
-0.044950
-0.054551
-0.064152
-0.061207
-0.058263
-0.050905
-0.043548
-0.048024
-0.052500
-0.055771
-0.059042
-0.061120
-0.063197
-0.068560
-0.073922
-0.077232
-0.080541
-0.076411
-0.072281
-0.064766
-0.057250
-0.054321
-0.051392
-0.048971
-0.046551
-0.043049
-0.039547
-0.038750
-0.037953
-0.043287
-0.048621
-0.050598
-0.052575
-0.049296
-0.046017
-0.049619
-0.053221
-0.054798
-0.056375
-0.051035
-0.045694
-0.043912
-0.042130
-0.043065
-0.044000
-0.043413
-0.042825
-0.042831
-0.042838
-0.046584
-0.050331
-0.056158
-0.061985
-0.063095
-0.064204
-0.061664
-0.059123
-0.058064
-0.057005
-0.056957
-0.056910
-0.060261
-0.063612
-0.067584
-0.071556
-0.068671
-0.065786
-0.063199
-0.060612
-0.061965
-0.063319
-0.063954
-0.064589
-0.066007
-0.067426
-0.067961
-0.068496
-0.065629
-0.062761
-0.060104
-0.057446
-0.058960
-0.060473
-0.064077
-0.067681
-0.068498
-0.069315
-0.065638
-0.061961
-0.060244
-0.058527
-0.060123
-0.061719
-0.063363
-0.065007
-0.065969
-0.066931
-0.061297
-0.055664
-0.051078
-0.046491
-0.052426
-0.058360
-0.063403
-0.068446
-0.069049
-0.069652
-0.069371
-0.069090
-0.067932
-0.066774
-0.066777
-0.066781
-0.067198
-0.067616
-0.068077
-0.068538
-0.066353
-0.064168
-0.062278
-0.060389
-0.059522
-0.058655
-0.056750
-0.054844
-0.054587
-0.054330
-0.054542
-0.054755
-0.056174
-0.057593
-0.062291
-0.066989
-0.069450
-0.071911
-0.068601
-0.065291
-0.062947
-0.060603
-0.060274
-0.059945
-0.062092
-0.064238
-0.065870
-0.067502
-0.062235
-0.056968
-0.052748
-0.048528
-0.050414
-0.052301
-0.053739
-0.055178
-0.054850
-0.054522
-0.058714
-0.062907
-0.070193
-0.077478
-0.078922
-0.080366
-0.077284
-0.074202
-0.070554
-0.066907
-0.062002
-0.057097
-0.056418
-0.055740
-0.055723
-0.055705
-0.052196
-0.048687
-0.047814
-0.046941
-0.049206
-0.051472
-0.053083
-0.054694
-0.054435
-0.054176
-0.054322
-0.054468
-0.053345
-0.052223
-0.050903
-0.049584
-0.051920
-0.054257
-0.057621
-0.060986
-0.059123
-0.057261
-0.052362
-0.047462
-0.047112
-0.046762
-0.050295
-0.053828
-0.058296
-0.062765
-0.062331
-0.061897
-0.057957
-0.054017
-0.050465
-0.046912
-0.046011
-0.045111
-0.049722
-0.054333
-0.056209
-0.058085
-0.056700
-0.055314
-0.053391
-0.051467
-0.051432
-0.051397
-0.052019
-0.052641
-0.051770
-0.050899
-0.051951
-0.053003
-0.050940
-0.048877
-0.044539
-0.040201
-0.039545
-0.038890
-0.040582
-0.042275
-0.043379
-0.044484
-0.045448
-0.046413
-0.045765
-0.045117
-0.044148
-0.043179
-0.044333
-0.045486
-0.045802
-0.046118
-0.045630
-0.045142
-0.046107
-0.047072
-0.047883
-0.048695
-0.045793
-0.042892
-0.039643
-0.036395
-0.039256
-0.042116
-0.047756
-0.053397
-0.054570
-0.055744
-0.053684
-0.051623
-0.049625
-0.047626
-0.047301
-0.046975
-0.047818
-0.048661
-0.048206
-0.047751
-0.047265
-0.046779
-0.044572
-0.042366
-0.039592
-0.036819
-0.039553
-0.042287
-0.045615
-0.048943
-0.046272
-0.043600
-0.039015
-0.034430
-0.033264
-0.032098
-0.031577
-0.031056
-0.030557
-0.030059
-0.033110
-0.036161
-0.041302
-0.046442
-0.047016
-0.047591
-0.042144
-0.036697
-0.037465
-0.038233
-0.043277
-0.048320
-0.047499
-0.046677
-0.042803
-0.038929
-0.034786
-0.030643
-0.030107
-0.029570
-0.034037
-0.038503
-0.041095
-0.043687
-0.040505
-0.037324
-0.035873
-0.034422
-0.035790
-0.037157
-0.034788
-0.032419
-0.029330
-0.026240
-0.028004
-0.029768
-0.033085
-0.036401
-0.036878
-0.037356
-0.035133
-0.032910
-0.027880
-0.022850
-0.022286
-0.021721
-0.027402
-0.033082
-0.034822
-0.036561
-0.032484
-0.028406
-0.023811
-0.019217
-0.018812
-0.018407
-0.023064
-0.027722
-0.029372
-0.031022
-0.026785
-0.022548
-0.020313
-0.018077
-0.021060
-0.024043
-0.026471
-0.028898
-0.024385
-0.019873
-0.014586
-0.009298
-0.009825
-0.010352
-0.015183
-0.020015
-0.024735
-0.029456
-0.029317
-0.029178
-0.027556
-0.025934
-0.025604
-0.025273
-0.025168
-0.025064
-0.024466
-0.023869
-0.022749
-0.021630
-0.025764
-0.029899
-0.032654
-0.035410
-0.028145
-0.020879
-0.017351
-0.013823
-0.014695
-0.015567
-0.011659
-0.007751
-0.006865
-0.005978
-0.011531
-0.017085
-0.021445
-0.025805
-0.024861
-0.023917
-0.025894
-0.027871
-0.031353
-0.034836
-0.029645
-0.024454
-0.017160
-0.009865
-0.009524
-0.009182
-0.012006
-0.014830
-0.012375
-0.009920
-0.006204
-0.002489
-0.004243
-0.005997
-0.011882
-0.017768
-0.019503
-0.021238
-0.018244
-0.015250
-0.015020
-0.014790
-0.014527
-0.014263
-0.013394
-0.012525
-0.013935
-0.015345
-0.016078
-0.016811
-0.015562
-0.014314
-0.012396
-0.010478
-0.008501
-0.006523
-0.007388
-0.008252
-0.009621
-0.010990
-0.007525
-0.004061
-0.004809
-0.005557
-0.013759
-0.021960
-0.024304
-0.026647
-0.023985
-0.021323
-0.019251
-0.017178
-0.016145
-0.015112
-0.014399
-0.013685
-0.011065
-0.008445
-0.008491
-0.008537
-0.009150
-0.009764
-0.007686
-0.005608
-0.005655
-0.005702
-0.009554
-0.013407
-0.015444
-0.017481
-0.014409
-0.011336
-0.006519
-0.001702
0.003396
0.008494
0.007588
0.006683
0.001123
-0.004437
-0.004960
-0.005484
-0.003558
-0.001632
-0.002280
-0.002927
-0.007442
-0.011956
-0.013298
-0.014639
-0.008495
-0.002350
0.000301
0.002951
0.000752
-0.001447
-0.002611
-0.003775
-0.003593
-0.003410
-0.002946
-0.002482
-0.004035
-0.005587
-0.006966
-0.008345
-0.008057
-0.007768
-0.005668
-0.003568
-0.000794
0.001979
0.000556
-0.000867
-0.005990
-0.011113
-0.013363
-0.015614
-0.013092
-0.010570
-0.008543
-0.006517
-0.005417
-0.004317
0.000550
0.005416
0.006706
0.007996
0.000846
-0.006304
-0.011287
-0.016270
-0.015560
-0.014850
-0.011465
-0.008079
-0.002812
0.002455
0.006341
0.010227
0.007448
0.004669
0.002843
0.001018
0.005009
0.009000
0.010964
0.012929
0.010433
0.007936
0.005271
0.002607
0.004237
0.005867
0.006701
0.007536
0.005156
0.002777
-0.004077
-0.010931
-0.015170
-0.019408
-0.015027
-0.010645
-0.007976
-0.005306
-0.003432
-0.001558
0.000741
0.003041
0.004432
0.005824
0.006524
0.007225
0.005519
0.003812
0.004317
0.004821
0.005751
0.006680
0.004090
0.001499
-0.000380
-0.002259
0.000734
0.003726
0.004797
0.005867
0.003427
0.000987
0.000803
0.000620
-0.001049
-0.002718
-0.003827
-0.004935
-0.004559
-0.004184
-0.007993
-0.011802
-0.013538
-0.015274
-0.012271
-0.009269
-0.005225
-0.001181
0.001142
0.003465
0.001504
-0.000457
-0.000743
-0.001029
0.000003
0.001035
0.000042
-0.000951
-0.002999
-0.005047
-0.008374
-0.011701
-0.009305
-0.006909
-0.002948
0.001012
-0.002315
-0.005642
-0.004215
-0.002788
-0.001394
0.000001
-0.006337
-0.012675
-0.014317
-0.015960
-0.012894
-0.009828
-0.007520
-0.005212
-0.006438
-0.007665
-0.008609
-0.009552
-0.007487
-0.005421
-0.005275
-0.005129
-0.004868
-0.004606
-0.005333
-0.006059
-0.007534
-0.009009
-0.005649
-0.002289
0.001768
0.005825
0.004754
0.003682
0.002179
0.000676
0.001567
0.002458
0.000677
-0.001104
-0.003664
-0.006224
-0.004507
-0.002789
0.002346
0.007482
0.006815
0.006147
0.000086
-0.005976
-0.008453
-0.010930
-0.010228
-0.009527
-0.007340
-0.005154
-0.006267
-0.007381
-0.010066
-0.012751
-0.014877
-0.017003
-0.021155
-0.025307
-0.022696
-0.020084
-0.013715
-0.007346
-0.006637
-0.005929
-0.006290
-0.006651
-0.010723
-0.014795
-0.028145
-0.041495
-0.046078
-0.050661
-0.039059
-0.027458
-0.021131
-0.014804
-0.011879
-0.008954
-0.002797
0.003359
0.004109
0.004859
0.000714
-0.003430
-0.017722
-0.032013
-0.048957
-0.065901
-0.061047
-0.056192
-0.044657
-0.033121
-0.041087
-0.049054
-0.053547
-0.058041
-0.046166
-0.034291
-0.027058
-0.019825
-0.021244
-0.022663
-0.025719
-0.028775
-0.030317
-0.031858
-0.027525
-0.023192
-0.018416
-0.013639
-0.014754
-0.015869
-0.015907
-0.015944
-0.016222
-0.016501
-0.022702
-0.028904
-0.034756
-0.040607
-0.038677
-0.036746
-0.029747
-0.022748
-0.017521
-0.012294
-0.011228
-0.010161
-0.011812
-0.013464
-0.018277
-0.023090
-0.028940
-0.034790
-0.033689
-0.032588
-0.025409
-0.018229
-0.013124
-0.008018
-0.007742
-0.007466
-0.007927
-0.008389
-0.006911
-0.005434
-0.007268
-0.009102
-0.010004
-0.010906
-0.005156
0.000594
-0.001146
-0.002886
-0.010551
-0.018216
-0.016961
-0.015706
-0.011552
-0.007399
-0.011691
-0.015983
-0.021405
-0.026827
-0.024770
-0.022712
-0.020642
-0.018572
-0.017468
-0.016365
-0.014687
-0.013009
-0.012732
-0.012456
-0.010893
-0.009330
-0.009166
-0.009001
-0.017103
-0.025205
-0.034337
-0.043469
-0.042525
-0.041580
-0.036058
-0.030537
-0.024703
-0.018870
-0.015900
-0.012931
-0.016149
-0.019367
-0.018196
-0.017025
-0.012482
-0.007939
-0.007566
-0.007193
-0.006115
-0.005037
-0.007096
-0.009155
-0.013976
-0.018796
-0.016053
-0.013310
-0.011451
-0.009592
-0.020098
-0.030603
-0.040106
-0.049609
-0.054297
-0.058985
-0.077000
-0.095015
-0.105351
-0.115687
-0.101088
-0.086490
-0.072935
-0.059380
-0.048168
-0.036957
-0.025684
-0.014411
-0.013491
-0.012572
-0.013641
-0.014711
-0.010310
-0.005909
-0.003831
-0.001753
-0.006431
-0.011109
-0.014376
-0.017643
-0.017307
-0.016970
-0.015642
-0.014313
-0.010902
-0.007490
-0.008115
-0.008741
-0.010965
-0.013189
-0.012380
-0.011571
-0.012705
-0.013839
-0.014093
-0.014346
-0.012254
-0.010162
-0.011311
-0.012460
-0.019108
-0.025757
-0.032405
-0.039053
-0.037345
-0.035637
-0.029040
-0.022443
-0.021114
-0.019785
-0.020123
-0.020462
-0.018873
-0.017285
-0.016514
-0.015743
-0.016148
-0.016554
-0.018210
-0.019866
-0.020965
-0.022064
-0.022683
-0.023302
-0.024427
-0.025553
-0.026894
-0.028235
-0.028525
-0.028815
-0.028674
-0.028534
-0.028017
-0.027501
-0.030914
-0.034327
-0.041208
-0.048089
-0.045146
-0.042204
-0.033207
-0.024211
-0.017884
-0.011557
-0.010791
-0.010026
-0.013496
-0.016965
-0.015936
-0.014908
-0.013465
-0.012023
-0.014236
-0.016449
-0.022498
-0.028548
-0.035444
-0.042341
-0.040846
-0.039352
-0.033070
-0.026789
-0.026172
-0.025556
-0.028490
-0.031424
-0.033277
-0.035129
-0.032216
-0.029302
-0.021278
-0.013254
-0.016049
-0.018845
-0.025058
-0.031272
-0.017434
-0.003595
0.000781
0.005158
-0.006185
-0.017528
-0.016754
-0.015980
-0.018646
-0.021312
-0.025665
-0.030018
-0.028624
-0.027231
-0.028077
-0.028923
-0.029261
-0.029598
-0.027911
-0.026223
-0.024948
-0.023674
-0.026314
-0.028955
-0.029599
-0.030243
-0.028381
-0.026518
-0.029186
-0.031853
-0.033527
-0.035201
-0.033336
-0.031471
-0.033264
-0.035058
-0.038305
-0.041553
-0.040576
-0.039598
-0.038174
-0.036750
-0.041141
-0.045531
-0.049263
-0.052995
-0.050815
-0.048635
-0.049130
-0.049625
-0.057185
-0.064745
-0.067107
-0.069469
-0.060293
-0.051117
-0.046997
-0.042878
-0.044506
-0.046135
-0.045089
-0.044044
-0.042748
-0.041452
-0.039989
-0.038526
-0.034445
-0.030365
-0.027481
-0.024598
-0.029087
-0.033575
-0.036681
-0.039787
-0.039565
-0.039343
-0.038432
-0.037522
-0.036400
-0.035279
-0.039359
-0.043439
-0.043915
-0.044391
-0.038050
-0.031710
-0.031515
-0.031320
-0.034639
-0.037959
-0.036952
-0.035945
-0.037172
-0.038399
-0.042262
-0.046124
-0.045235
-0.044346
-0.040039
-0.035732
-0.036100
-0.036469
-0.040942
-0.045415
-0.045007
-0.044599
-0.041677
-0.038754
-0.036724
-0.034693
-0.033407
-0.032121
-0.033196
-0.034271
-0.034833
-0.035396
-0.034799
-0.034202
-0.033924
-0.033646
-0.036144
-0.038643
-0.041391
-0.044139
-0.041561
-0.038983
-0.035990
-0.032997
-0.034355
-0.035713
-0.039480
-0.043247
-0.046404
-0.049560
-0.045727
-0.041894
-0.037907
-0.033920
-0.038718
-0.043516
-0.044890
-0.046263
-0.039773
-0.033283
-0.030699
-0.028115
-0.029777
-0.031439
-0.032606
-0.033774
-0.035720
-0.037667
-0.039002
-0.040338
-0.041927
-0.043517
-0.044629
-0.045741
-0.044049
-0.042357
-0.040609
-0.038861
-0.038459
-0.038057
-0.040605
-0.043153
-0.046507
-0.049861
-0.048471
-0.047081
-0.041039
-0.034997
-0.029789
-0.024580
-0.028215
-0.031850
-0.037720
-0.043590
-0.040465
-0.037340
-0.034639
-0.031938
-0.035951
-0.039965
-0.039628
-0.039291
-0.036064
-0.032838
-0.034717
-0.036596
-0.036686
-0.036777
-0.034710
-0.032644
-0.034493
-0.036342
-0.037034
-0.037725
-0.033391
-0.029056
-0.024758
-0.020460
-0.020648
-0.020835
-0.023393
-0.025951
-0.026787
-0.027623
-0.027662
-0.027701
-0.028737
-0.029773
-0.031114
-0.032455
-0.032750
-0.033045
-0.034783
-0.036522
-0.040401
-0.044280
-0.043736
-0.043192
-0.038126
-0.033061
-0.030141
-0.027221
-0.028694
-0.030167
-0.032740
-0.035313
-0.034830
-0.034346
-0.033030
-0.031713
-0.032165
-0.032616
-0.031447
-0.030278
-0.029975
-0.029672
-0.033724
-0.037775
-0.039412
-0.041049
-0.037452
-0.033855
-0.031472
-0.029089
-0.028492
-0.027895
-0.026946
-0.025997
-0.025272
-0.024546
-0.024557
-0.024568
-0.028454
-0.032341
-0.034321
-0.036301
-0.031324
-0.026348
-0.025416
-0.024483
-0.027740
-0.030997
-0.029461
-0.027925
-0.026929
-0.025934
-0.027476
-0.029019
-0.029123
-0.029227
-0.031391
-0.033555
-0.035751
-0.037946
-0.037945
-0.037945
-0.037433
-0.036922
-0.036994
-0.037066
-0.037569
-0.038072
-0.034276
-0.030480
-0.027596
-0.024711
-0.028567
-0.032423
-0.034437
-0.036451
-0.032143
-0.027835
-0.026281
-0.024726
-0.029193
-0.033659
-0.036984
-0.040308
-0.040202
-0.040097
-0.041311
-0.042526
-0.042793
-0.043060
-0.037269
-0.031478
-0.028323
-0.025167
-0.031204
-0.037240
-0.042173
-0.047107
-0.047871
-0.048635
-0.050400
-0.052165
-0.051379
-0.050594
-0.047137
-0.043680
-0.040124
-0.036567
-0.040234
-0.043901
-0.050519
-0.057136
-0.056050
-0.054964
-0.053735
-0.052506
-0.050356
-0.048206
-0.045887
-0.043569
-0.045954
-0.048339
-0.050538
-0.052737
-0.052719
-0.052700
-0.050722
-0.048743
-0.049887
-0.051030
-0.054260
-0.057490
-0.055828
-0.054166
-0.049937
-0.045707
-0.047139
-0.048571
-0.054429
-0.060286
-0.059018
-0.057749
-0.053541
-0.049334
-0.050660
-0.051987
-0.053210
-0.054433
-0.054093
-0.053753
-0.055322
-0.056891
-0.053841
-0.050792
-0.045686
-0.040581
-0.042797
-0.045013
-0.047399
-0.049786
-0.049978
-0.050170
-0.050399
-0.050628
-0.050657
-0.050686
-0.052495
-0.054303
-0.055927
-0.057552
-0.058228
-0.058903
-0.058604
-0.058304
-0.060317
-0.062330
-0.067314
-0.072298
-0.074756
-0.077214
-0.078210
-0.079205
-0.078265
-0.077324
-0.074769
-0.072215
-0.070663
-0.069111
-0.069140
-0.069169
-0.069317
-0.069465
-0.067355
-0.065245
-0.067284
-0.069323
-0.075327
-0.081331
-0.082102
-0.082874
-0.078243
-0.073612
-0.069894
-0.066177
-0.066207
-0.066238
-0.068743
-0.071248
-0.075080
-0.078911
-0.081515
-0.084119
-0.079932
-0.075746
-0.070282
-0.064818
-0.065226
-0.065634
-0.067787
-0.069940
-0.071588
-0.073236
-0.075260
-0.077283
-0.076881
-0.076479
-0.074750
-0.073021
-0.078455
-0.083889
-0.086117
-0.088345
-0.083663
-0.078982
-0.079794
-0.080606
-0.081410
-0.082214
-0.080506
-0.078799
-0.076745
-0.074691
-0.074085
-0.073479
-0.078370
-0.083261
-0.084748
-0.086236
-0.082512
-0.078789
-0.078480
-0.078172
-0.076204
-0.074237
-0.070554
-0.066872
-0.067680
-0.068487
-0.071124
-0.073762
-0.077127
-0.080491
-0.079664
-0.078837
-0.074448
-0.070060
-0.073172
-0.076283
-0.081575
-0.086868
-0.087626
-0.088384
-0.087203
-0.086022
-0.084086
-0.082150
-0.084362
-0.086575
-0.089451
-0.092328
-0.089956
-0.087584
-0.084146
-0.080709
-0.080561
-0.080414
-0.079246
-0.078078
-0.076367
-0.074656
-0.076893
-0.079129
-0.079523
-0.079916
-0.080238
-0.080561
-0.083614
-0.086668
-0.086313
-0.085957
-0.082568
-0.079178
-0.076648
-0.074118
-0.076043
-0.077968
-0.080206
-0.082443
-0.079202
-0.075962
-0.073149
-0.070337
-0.072288
-0.074239
-0.079635
-0.085031
-0.085679
-0.086327
-0.082828
-0.079328
-0.080039
-0.080750
-0.080715
-0.080679
-0.078503
-0.076328
-0.075289
-0.074250
-0.074025
-0.073799
-0.077322
-0.080845
-0.084295
-0.087745
-0.085272
-0.082800
-0.082006
-0.081213
-0.081618
-0.082023
-0.078205
-0.074386
-0.070364
-0.066343
-0.064463
-0.062584
-0.062893
-0.063202
-0.064834
-0.066465
-0.066688
-0.066912
-0.064591
-0.062269
-0.062011
-0.061752
-0.061916
-0.062080
-0.062642
-0.063204
-0.067780
-0.072356
-0.072433
-0.072510
-0.068306
-0.064102
-0.063290
-0.062478
-0.064117
-0.065756
-0.066711
-0.067667
-0.064677
-0.061688
-0.059494
-0.057300
-0.057609
-0.057917
-0.056165
-0.054412
-0.050857
-0.047302
-0.045122
-0.042941
-0.045853
-0.048765
-0.050241
-0.051717
-0.049130
-0.046543
-0.045396
-0.044249
-0.043462
-0.042675
-0.044559
-0.046443
-0.050990
-0.055537
-0.055605
-0.055673
-0.053549
-0.051426
-0.051079
-0.050733
-0.051205
-0.051677
-0.048006
-0.044335
-0.037814
-0.031293
-0.031804
-0.032315
-0.036681
-0.041046
-0.041612
-0.042178
-0.038789
-0.035401
-0.034109
-0.032816
-0.034847
-0.036877
-0.038978
-0.041080
-0.040317
-0.039555
-0.035031
-0.030507
-0.030045
-0.029584
-0.032387
-0.035191
-0.036264
-0.037337
-0.037254
-0.037171
-0.033037
-0.028903
-0.027587
-0.026271
-0.028802
-0.031332
-0.028799
-0.026266
-0.027436
-0.028606
-0.032249
-0.035892
-0.033761
-0.031630
-0.028424
-0.025218
-0.021718
-0.018217
-0.016856
-0.015495
-0.019932
-0.024368
-0.029647
-0.034926
-0.033584
-0.032242
-0.025580
-0.018917
-0.015482
-0.012046
-0.012173
-0.012299
-0.011637
-0.010975
-0.009965
-0.008954
-0.010374
-0.011794
-0.013417
-0.015040
-0.013873
-0.012707
-0.011711
-0.010714
-0.009829
-0.008943
-0.007734
-0.006525
-0.006521
-0.006517
-0.007778
-0.009039
-0.011542
-0.014046
-0.015738
-0.017430
-0.015009
-0.012589
-0.009371
-0.006153
-0.007059
-0.007965
-0.009904
-0.011842
-0.009824
-0.007806
-0.006331
-0.004855
-0.005418
-0.005981
-0.002599
0.000784
0.002050
0.003316
0.000880
-0.001555
-0.000872
-0.000188
0.000969
0.002127
0.003499
0.004871
0.009614
0.014357
0.017863
0.021368
0.020350
0.019332
0.019234
0.019136
0.021112
0.023088
0.023166
0.023244
0.021388
0.019532
0.017444
0.015357
0.005889
-0.003579
-0.013078
-0.022578
-0.012829
-0.003079
0.008116
0.019310
0.018702
0.018094
0.017340
0.016586
0.014696
0.012805
0.012190
0.011575
0.017193
0.022812
0.025181
0.027550
0.024553
0.021556
0.021147
0.020738
0.021606
0.022475
0.021701
0.020927
0.020423
0.019919
0.021549
0.023179
0.024821
0.026463
0.025351
0.024238
0.024194
0.024150
0.026411
0.028672
0.031559
0.034447
0.038837
0.043228
0.045239
0.047250
0.044777
0.042304
0.038017
0.033729
0.031945
0.030161
0.032755
0.035348
0.037592
0.039836
0.039277
0.038718
0.036588
0.034458
0.032614
0.030769
0.030203
0.029636
0.031359
0.033081
0.035068
0.037054
0.028470
0.019886
0.011648
0.003411
0.009671
0.015932
0.021435
0.026939
0.025198
0.023458
0.024698
0.025938
0.032489
0.039041
0.041701
0.044361
0.042978
0.041595
0.039571
0.037546
0.036863
0.036180
0.038890
0.041599
0.042021
0.042443
0.040009
0.037576
0.033958
0.030340
0.028583
0.026826
0.029109
0.031393
0.033336
0.035280
0.045294
0.055309
0.068442
0.081574
0.074559
0.067544
0.055505
0.043466
0.043408
0.043351
0.044692
0.046033
0.044191
0.042349
0.037316
0.032282
0.031418
0.030554
0.037550
0.044546
0.046261
0.047976
0.041848
0.035719
0.031448
0.027177
0.030882
0.034588
0.040877
0.047166
0.045431
0.043696
0.041788
0.039880
0.040517
0.041155
0.038876
0.036597
0.036914
0.037231
0.038121
0.039011
0.036142
0.033273
0.032484
0.031696
0.032736
0.033777
0.029299
0.024822
0.020962
0.017101
0.020574
0.024047
0.028250
0.032453
0.035327
0.038201
0.042156
0.046111
0.045388
0.044665
0.038180
0.031695
0.029789
0.027883
0.028180
0.028476
0.027607
0.026737
0.032084
0.037431
0.042160
0.046890
0.042781
0.038672
0.034615
0.030558
0.080861
0.131165
0.180066
0.228966
0.182715
0.136464
0.093361
0.050258
0.048718
0.047178
0.046174
0.045169
0.046493
0.047816
0.040682
0.033547
0.030467
0.027386
0.032559
0.037732
0.036652
0.035571
0.031561
0.027550
0.028434
0.029318
0.032105
0.034891
0.035871
0.036850
0.035382
0.033915
0.029460
0.025006
0.021437
0.017869
0.020811
0.023754
0.028381
0.033008
0.030376
0.027744
0.023153
0.018561
0.020169
0.021777
0.026078
0.030379
0.030805
0.031231
0.027866
0.024501
0.023884
0.023266
0.025639
0.028011
0.027968
0.027925
0.026688
0.025451
0.022795
0.020138
0.016955
0.013771
0.017049
0.020326
0.022384
0.024442
0.022355
0.020267
0.022992
0.025717
0.025691
0.025665
0.020665
0.015665
0.015876
0.016087
0.023221
0.030355
0.025255
0.020155
0.007482
-0.005191
-0.003476
-0.001761
0.002605
0.006971
0.010574
0.014177
0.015744
0.017312
0.016397
0.015483
0.017254
0.019025
0.017478
0.015932
0.006981
-0.001970
-0.010055
-0.018140
-0.012683
-0.007227
-0.005316
-0.003405
-0.011837
-0.020269
-0.016557
-0.012845
-0.003719
0.005407
0.009060
0.012714
0.016182
0.019650
0.019859
0.020068
0.016516
0.012963
0.012457
0.011951
0.014453
0.016955
0.015158
0.013361
0.009953
0.006544
0.006519
0.006495
0.009619
0.012744
0.012886
0.013028
0.008472
0.003916
0.003986
0.004057
0.007412
0.010767
0.009852
0.008936
0.005874
0.002812
0.003811
0.004810
0.006174
0.007539
0.004897
0.002255
-0.001039
-0.004332
-0.005812
-0.007292
-0.006919
-0.006545
-0.005919
-0.005294
-0.007282
-0.009270
-0.010921
-0.012571
-0.013953
-0.015334
-0.011152
-0.006970
-0.004888
-0.002807
0.000208
0.003223
0.021068
0.038912
0.022983
0.007054
-0.015848
-0.038749
-0.026876
-0.015002
-0.008841
-0.002681
-0.003283
-0.003886
-0.006065
-0.008245
-0.012536
-0.016827
-0.018530
-0.020234
-0.019149
-0.018064
-0.014654
-0.011244
-0.013098
-0.014952
-0.017419
-0.019885
-0.016465
-0.013044
-0.011300
-0.009556
-0.009483
-0.009410
-0.007573
-0.005737
-0.002054
0.001629
0.001665
0.001700
-0.007949
-0.017597
-0.022864
-0.028131
-0.023780
-0.019428
-0.019367
-0.019305
-0.020445
-0.021585
-0.020633
-0.019680
-0.019880
-0.020080
-0.017899
-0.015718
-0.014681
-0.013644
-0.013408
-0.013173
-0.014212
-0.015250
-0.019405
-0.023560
-0.022584
-0.021608
-0.024100
-0.026591
-0.047262
-0.067932
-0.072650
-0.077368
-0.054312
-0.031256
-0.022109
-0.012962
-0.015697
-0.018432
-0.018412
-0.018392
-0.019007
-0.019621
-0.021519
-0.023417
-0.027484
-0.031551
-0.034455
-0.037360
-0.036880
-0.036400
-0.033073
-0.029747
-0.026934
-0.024121
-0.022290
-0.020460
-0.017678
-0.014897
-0.014137
-0.013377
-0.019720
-0.026064
-0.029210
-0.032357
-0.028973
-0.025589
-0.027135
-0.028680
-0.032694
-0.036708
-0.040336
-0.043965
-0.041366
-0.038767
-0.032261
-0.025754
-0.025604
-0.025454
-0.026372
-0.027291
-0.028334
-0.029377
-0.030390
-0.031403
-0.029921
-0.028438
-0.027648
-0.026858
-0.026556
-0.026254
-0.025506
-0.024758
-0.026742
-0.028726
-0.030620
-0.032515
-0.031620
-0.030726
-0.031165
-0.031605
-0.034007
-0.036409
-0.039229
-0.042048
-0.041141
-0.040235
-0.038614
-0.036993
-0.040952
-0.044911
-0.046466
-0.048021
-0.041859
-0.035698
-0.031590
-0.027482
-0.032144
-0.036807
-0.038660
-0.040513
-0.034079
-0.027645
-0.025577
-0.023509
-0.025904
-0.028298
-0.027711
-0.027125
-0.027394
-0.027664
-0.030023
-0.032382
-0.034168
-0.035954
-0.037895
-0.039835
-0.039890
-0.039944
-0.037872
-0.035799
-0.036046
-0.036292
-0.038804
-0.041316
-0.042663
-0.044011
-0.043699
-0.043387
-0.040616
-0.037845
-0.033593
-0.029342
-0.027870
-0.026398
-0.028703
-0.031007
-0.034780
-0.038554
-0.039525
-0.040496
-0.039562
-0.038627
-0.037964
-0.037302
-0.037207
-0.037112
-0.038498
-0.039883
-0.038026
-0.036168
-0.032685
-0.029202
-0.027163
-0.025124
-0.025785
-0.026445
-0.031867
-0.037289
-0.041878
-0.046467
-0.045104
-0.043741
-0.038642
-0.033543
-0.036144
-0.038745
-0.042111
-0.045477
-0.040148
-0.034819
-0.031820
-0.028822
-0.029103
-0.029384
-0.030070
-0.030757
-0.031283
-0.031809
-0.031140
-0.030470
-0.029475
-0.028479
-0.028343
-0.028207
-0.029605
-0.031002
-0.032089
-0.033177
-0.034649
-0.036121
-0.039205
-0.042290
-0.043798
-0.045306
-0.042920
-0.040533
-0.037446
-0.034359
-0.037516
-0.040674
-0.044920
-0.049166
-0.045454
-0.041741
-0.039072
-0.036402
-0.037867
-0.039332
-0.040687
-0.042041
-0.042468
-0.042895
-0.042206
-0.041518
-0.037990
-0.034463
-0.030242
-0.026022
-0.027670
-0.029318
-0.029902
-0.030486
-0.028683
-0.026881
-0.028937
-0.030993
-0.035103
-0.039213
-0.040358
-0.041503
-0.037878
-0.034253
-0.032918
-0.031583
-0.034319
-0.037054
-0.038058
-0.039062
-0.035380
-0.031699
-0.027889
-0.024080
-0.026425
-0.028769
-0.031778
-0.034787
-0.034864
-0.034941
-0.035322
-0.035702
-0.035882
-0.036062
-0.036619
-0.037176
-0.040189
-0.043202
-0.042852
-0.042503
-0.037226
-0.031949
-0.028180
-0.024410
-0.022636
-0.020863
-0.023807
-0.026751
-0.032416
-0.038081
-0.035617
-0.033154
-0.027547
-0.021941
-0.022709
-0.023476
-0.024863
-0.026249
-0.023869
-0.021489
-0.018551
-0.015613
-0.015346
-0.015079
-0.015319
-0.015559
-0.014871
-0.014183
-0.013912
-0.013640
-0.013609
-0.013577
-0.013225
-0.012874
-0.012543
-0.012213
-0.011987
-0.011761
-0.011271
-0.010780
-0.012206
-0.013632
-0.014592
-0.015552
-0.013401
-0.011251
-0.009828
-0.008405
-0.008895
-0.009385
-0.009927
-0.010469
-0.010164
-0.009859
-0.009124
-0.008389
-0.007691
-0.006993
-0.005888
-0.004783
-0.004275
-0.003767
-0.003001
-0.002234
-0.001731
-0.001229
-0.002414
-0.003598
-0.004631
-0.005663
-0.006290
-0.006916
-0.006044
-0.005172
-0.003703
-0.002234
-0.002566
-0.002899
-0.003257
-0.003616
-0.004423
-0.005231
-0.005826
-0.006421
-0.004832
-0.003242
-0.002598
-0.001953
-0.002537
-0.003121
-0.002728
-0.002336
-0.001412
-0.000488
-0.000354
-0.000220
-0.001378
-0.002535
-0.003124
-0.003714
-0.002873
-0.002032
-0.001438
-0.000844
-0.000948
-0.001052
-0.001111
-0.001169
-0.001254
-0.001339
-0.001143
-0.000947
-0.000897
-0.000847
-0.001006
-0.001165
-0.000853
-0.000542
-0.000936
-0.001331
-0.002017
-0.002703
-0.002586
-0.002469
-0.001968
-0.001467
-0.001466
-0.001465
-0.001663
-0.001861
-0.001471
-0.001080
-0.000694
-0.000308
-0.000152
0.000004
-0.000099
-0.000202
-0.000431
-0.000660
-0.000757
-0.000853
-0.000886
-0.000918
-0.000826
-0.000733
-0.000621
-0.000508
-0.000486
-0.000463
-0.000375
-0.000286
-0.000191
-0.000096
-0.000070
-0.000043
0.000017
0.000078
-0.000226
-0.000531
-0.000708
-0.000886
-0.000473
-0.000060
0.000126
0.000312
0.000512
0.000713
0.000757
0.000801
0.000443
0.000086
0.000075
0.000063
0.000392
0.000721
0.000894
0.001067
0.000868
0.000669
0.000383
0.000097
0.000002
-0.000094
-0.000138
-0.000182
-0.000398
-0.000613
-0.000630
-0.000647
-0.000628
-0.000608
-0.000909
-0.001209
-0.001162
-0.001115
-0.000722
-0.000328
