0.333642
0.449907
0.451657
0.452970
0.457689
0.460697
0.462175
0.466874
0.471555
0.476464
0.486914
0.497067
0.502291
0.509828
0.525051
0.540340
0.549148
0.556870
0.566601
0.578040
0.592071
0.606390
0.619997
0.636427
0.653798
0.667438
0.681545
0.699593
0.717968
0.739698
0.764170
0.782385
0.793528
0.806018
0.820805
0.833199
0.848862
0.865362
0.882992
0.906233
0.927221
0.944488
0.958211
0.970557
0.992752
1.026031
1.047464
1.055824
1.071752
1.086406
1.096489
1.111449
1.124553
1.132495
1.151106
1.180420
1.194032
1.197098
1.215620
1.241102
1.249000
1.251645
1.263402
1.272660
1.290749
1.311493
1.319215
1.335345
1.352203
1.354427
1.365535
1.388761
1.400993
1.402049
1.411866
1.428434
1.436550
1.434305
1.432533
1.454209
1.479950
1.482128
1.489432
1.506048
1.509557
1.503396
1.509370
1.529930
1.538468
1.543071
1.558907
1.572016
1.572825
1.573721
1.581233
1.582502
1.590111
1.605383
1.618330
1.630940
1.635942
1.644322
1.651980
1.647630
1.661893
1.689459
1.695051
1.684942
1.678683
1.694474
1.715293
1.715746
1.713550
1.712982
1.713474
1.718601
1.722612
1.725390
1.724448
1.731762
1.746917
1.751408
1.762054
1.785907
1.792874
1.780565
1.770158
1.780408
1.802382
1.817409
1.826192
1.819119
1.809427
1.814882
1.832678
1.852733
1.857411
1.850730
1.844131
1.839099
1.841407
1.855680
1.878176
1.890194
1.884645
1.884894
1.898401
1.908953
1.910814
1.909548
1.912236
1.920449
1.926178
1.930343
1.928342
1.928505
1.940894
1.947400
1.953926
1.955093
1.940649
1.942559
1.952882
1.951992
1.960753
1.968000
1.963928
1.967267
1.972670
1.974620
1.985154
1.993171
1.995272
1.999951
1.993516
1.985155
1.998160
2.016573
2.008005
2.001913
2.013808
2.008731
2.000987
2.000325
2.000597
2.010458
2.017026
2.022717
2.030366
2.035658
2.038404
2.027907
2.028230
2.038331
2.037446
2.038447
2.037041
2.052939
2.072211
2.055690
2.048282
2.055055
2.042528
2.031626
2.036584
2.046730
2.048765
2.034042
2.030161
2.046142
2.047716
2.039521
2.047748
2.062599
2.052003
2.030219
2.023738
2.032714
2.036123
2.019207
2.020665
2.041919
2.048155
2.042301
2.032791
2.020674
2.025700
2.037959
2.027266
2.009037
2.000807
1.998879
1.994823
1.994253
1.996591
1.986029
1.971736
1.969036
1.972740
1.979810
1.984715
1.979067
1.978128
1.983409
1.983914
1.983585
1.985789
1.978749
1.967890
1.971543
1.969866
1.957245
1.954871
1.956306
1.955091
1.954887
1.945503
1.936351
1.935088
1.935851
1.947644
1.962768
1.957018
1.936804
1.931001
1.923477
1.902685
1.903430
1.919346
1.921918
1.913859
1.902999
1.898422
1.899681
1.898127
1.891825
1.877621
1.873286
1.891410
1.900332
1.885340
1.872549
1.866907
1.857456
1.854606
1.866770
1.876169
1.868748
1.860405
1.848943
1.830724
1.833536
1.852019
1.855917
1.844614
1.826279
1.804428
1.800317
1.813756
1.819852
1.818581
1.818494
1.816493
1.816687
1.823011
1.814154
1.800697
1.796898
1.785440
1.788259
1.804546
1.801707
1.789045
1.786406
1.788944
1.786806
1.784040
1.778343
1.768158
1.762602
1.766782
1.776716
1.782373
1.774316
1.760319
1.759507
1.764776
1.762665
1.762469
1.771594
1.767739
1.744260
1.732846
1.739939
1.740856
1.733519
1.738309
1.751594
1.762506
1.760272
1.746071
1.748377
1.759644
1.756464
1.763532
1.774693
1.755525
1.736389
1.744068
1.755135
1.749774
1.739101
1.735549
1.733992
1.732525
1.738364
1.743937
1.735998
1.729626
1.734284
1.744226
1.751782
1.750230
1.737267
1.718511
1.706781
1.711450
1.727325
1.730392
1.730745
1.742046
1.738536
1.719229
1.713049
1.723088
1.727535
1.727692
1.732327
1.737022
1.749838
1.758372
1.745107
1.732091
1.729669
1.721192
1.718270
1.720851
1.716498
1.721512
1.722216
1.721000
1.731919
1.740576
1.745455
1.733147
1.717466
1.725325
1.734868
1.731111
1.720759
1.714607
1.726942
1.747793
1.747000
1.736170
1.739397
1.738281
1.737157
1.742196
1.729966
1.718762
1.715817
1.709876
1.719468
1.732820
1.734635
1.726082
1.718652
1.727504
1.732568
1.723958
1.719023
1.723661
1.725698
1.719782
1.717780
1.725971
1.727195
1.715631
1.717772
1.726074
1.721360
1.727689
1.735582
1.728379
1.731990
1.740876
1.728394
1.708721
1.702653
1.709131
1.713801
1.709961
1.718426
1.728686
1.723838
1.716646
1.714963
1.723180
1.728043
1.725394
1.726585
1.727549
1.729582
1.726778
1.715556
1.711426
1.714440
1.713949
1.716345
1.727704
1.727119
1.718469
1.714618
1.701181
1.698278
1.717527
1.723838
1.710438
1.706138
1.709906
1.710980
1.707593
1.692422
1.689228
1.702396
1.708479
1.709547
1.713382
1.724557
1.737816
1.730436
1.713514
1.716934
1.728390
1.732743
1.731478
1.726980
1.712776
1.702736
1.713154
1.722553
1.725092
1.721290
1.711476
1.714649
1.726005
1.723345
1.714030
1.718080
1.728526
1.726867
1.725389
1.730963
1.731582
1.734558
1.738516
1.740016
1.751284
1.756705
1.737394
1.725138
1.738868
1.759567
1.758128
1.740577
1.740970
1.747606
1.759307
1.767947
1.755561
1.745719
1.742920
1.744935
1.753319
1.762098
1.769201
1.767888
1.764837
1.764013
1.753018
1.736159
1.725629
1.718745
1.712768
1.719539
1.741695
1.754904
1.748592
1.741132
1.740989
1.738910
1.728931
1.731147
1.741024
1.738677
1.738746
1.742440
1.751545
1.763858
1.759562
1.741012
1.734634
1.752780
1.760921
1.745429
1.743734
1.757555
1.760808
1.764914
1.778619
1.780516
1.770615
1.776553
1.796343
1.803280
1.794797
1.774194
1.757368
1.764901
1.779999
1.784397
1.791975
1.802910
1.806841
1.807815
1.795966
1.785483
1.790846
1.796579
1.800995
1.800346
1.790595
1.794637
1.818788
1.828939
1.821476
1.818323
1.820776
1.821724
1.817498
1.816957
1.814003
1.804528
1.813379
1.823166
1.809787
1.808293
1.814964
1.803449
1.803543
1.823054
1.827727
1.822724
1.831848
1.836419
1.831737
1.835415
1.834183
1.828509
1.832571
1.838148
1.841180
1.833201
1.829289
1.847103
1.853433
1.835814
1.827952
1.847090
1.863283
1.853050
1.830023
1.823426
1.838643
1.846623
1.844502
1.845632
1.843206
1.836377
1.837302
1.853711
1.873074
1.877960
1.868538
1.858627
1.858983
1.858770
1.860746
1.868915
1.876195
1.885285
1.879046
1.866565
1.868883
1.865175
1.861201
1.874635
1.875987
1.872017
1.877156
1.869001
1.865064
1.864738
1.858122
1.862984
1.865105
1.862973
1.867665
1.867801
1.868091
1.864800
1.853364
1.850504
1.856212
1.868231
1.885961
1.885510
1.875576
1.873974
1.861579
1.854347
1.864163
1.869618
1.862802
1.850069
1.856272
1.888662
1.915696
1.907683
1.884001
1.879402
1.879773
1.877433
1.885623
1.889810
1.886955
1.894236
1.899806
1.881497
1.867030
1.875929
1.874066
1.875841
1.891699
1.893878
1.891506
1.890738
1.891667
1.886289
1.869939
1.868252
1.885650
1.905800
1.919857
1.916684
1.905634
1.904343
1.915833
1.910333
1.887140
1.892577
1.897424
1.888460
1.885531
1.873891
1.867533
1.875479
1.885149
1.885260
1.879193
1.873322
1.870315
1.865579
1.852787
1.848604
1.859654
1.872421
1.870986
1.860491
1.859430
1.863322
1.863442
1.862538
1.861362
1.860197
1.864733
1.874117
1.882171
1.878325
1.867916
1.865570
1.864561
1.863093
1.868673
1.887665
1.896994
1.892454
1.886278
1.869503
1.876227
1.895372
1.891278
1.875313
1.856652
1.867790
1.899954
1.909820
1.914632
1.912948
1.892375
1.889513
1.903975
1.905319
1.904653
1.914751
1.907760
1.889793
1.875080
1.864628
1.877922
1.890497
1.883526
1.870030
1.858529
1.857445
1.864958
1.876367
1.880925
1.871471
1.861548
1.863304
1.874265
1.865022
1.840114
1.845065
1.862372
1.859453
1.842160
1.826822
1.827802
1.839861
1.841366
1.837850
1.835618
1.826365
1.824179
1.829956
1.844618
1.858687
1.854754
1.851806
1.857360
1.852650
1.840946
1.844397
1.861483
1.860198
1.839817
1.836617
1.841228
1.833517
1.826023
1.821358
1.821557
1.823374
1.823812
1.820997
1.821358
1.833648
1.837968
1.825783
1.816721
1.832240
1.842897
1.834520
1.830685
1.826255
1.832120
1.847671
1.847930
1.835843
1.833814
1.842901
1.834671
1.819625
1.819976
1.827251
1.831620
1.822052
1.821353
1.832290
1.823440
1.813584
1.821866
1.821077
1.811362
1.820442
1.830189
1.830724
1.830260
1.819797
1.808180
1.810327
1.825371
1.829206
1.826972
1.828072
1.825279
1.826593
1.826643
1.825600
1.824256
1.826394
1.824272
1.819767
1.826520
1.837258
1.839932
1.820529
1.808956
1.825253
1.829776
1.820337
1.817333
1.823621
1.832651
1.832147
1.829520
1.820237
1.814210
1.830168
1.838865
1.836999
1.845023
1.839924
1.826365
1.825147
1.827916
1.837858
1.849858
1.853461
1.854370
1.850623
1.844004
1.844443
1.843545
1.842325
1.848209
1.850078
1.852546
1.854435
1.847504
1.841317
1.842371
1.846852
1.846255
1.847015
1.856120
1.863435
1.860320
1.848548
1.831390
1.828167
1.843254
1.854733
1.862900
1.868691
1.868730
1.861954
1.861940
1.874086
1.874354
1.868818
1.871681
1.863245
1.853717
1.864781
1.873012
1.875226
1.879971
1.882608
1.883872
1.886230
1.890634
1.888499
1.887555
1.896566
1.898462
1.889210
1.887044
1.891807
1.891691
1.890314
1.892846
1.899129
1.900368
1.898144
1.897628
1.896249
1.905163
1.913367
1.907244
1.907330
1.916080
1.919938
1.913359
1.908891
1.918436
1.936731
1.941728
1.911708
1.895921
1.910991
1.916240
1.917355
1.926719
1.938837
1.945182
1.945930
1.943262
1.940598
1.948453
1.955241
1.949144
1.939013
1.937699
1.950919
1.960730
1.959339
1.953960
1.941901
1.939298
1.953588
1.967878
1.980361
1.985911
1.981681
1.968109
1.958127
1.967318
1.971908
1.963885
1.969063
1.979719
1.979822
1.975958
1.963215
1.967703
1.987624
1.990463
1.995608
1.998065
1.990785
1.984648
1.980327
1.984993
1.984404
1.978263
1.984465
1.981158
1.973054
1.984412
1.996514
1.993541
1.989646
2.001247
2.005899
1.996280
2.001668
2.016932
2.018282
2.009470
1.998859
1.991252
1.993790
2.007264
2.011997
1.997784
1.988977
2.000888
2.009586
2.002447
2.006274
2.015737
2.008117
1.993796
1.998721
2.012349
2.003910
2.001794
2.024993
2.030738
2.014566
2.007656
2.012882
2.016765
2.006364
1.989519
1.998868
2.020708
2.015427
2.000390
2.003479
2.013047
2.020409
2.025059
2.009071
2.001282
2.022350
2.037731
2.038922
2.032521
2.024455
2.026421
2.039556
2.039096
2.020153
2.017278
2.027097
2.024373
2.014273
2.010800
2.010467
2.010677
2.022601
2.024526
2.007566
2.001391
2.002723
2.009064
2.015383
2.010754
2.004867
2.006534
2.030409
2.044822
2.036432
2.045025
2.048639
2.036896
2.045227
2.055252
2.040233
2.025003
2.030757
2.037902
2.037272
2.047884
2.062082
2.057358
2.057323
2.074621
2.086720
2.085531
2.087733
2.127975
2.178671
2.181359
2.173387
2.170993
2.132968
2.096390
2.090150
2.146944
2.232216
2.199488
2.155192
2.216060
2.210870
2.126997
2.076761
2.066667
2.073028
2.084042
2.097872
2.099286
2.102753
2.113089
2.106471
2.097039
2.109854
2.120194
2.122991
2.127027
2.113558
2.096032
2.109011
2.140019
2.157783
2.157383
2.153404
2.159127
2.157705
2.175581
2.214393
2.213593
2.226945
2.253495
2.225171
2.229222
2.251016
2.195881
2.135101
2.111079
2.093617
2.101570
2.116028
2.109917
2.117976
2.134845
2.137001
2.144114
2.150458
2.144556
2.148093
2.157654
2.160928
2.154072
2.140437
2.137900
2.145916
2.154799
2.153126
2.146789
2.152026
2.170437
2.186628
2.221800
2.299179
2.323273
2.270050
2.226294
2.201520
2.191159
2.193544
2.180403
2.180173
2.209627
2.210567
2.187877
2.185706
2.176455
2.160203
2.164702
2.163727
2.164110
2.181946
2.187510
2.176620
2.164864
2.164194
2.166694
2.178962
2.202767
2.202121
2.195386
2.197538
2.192063
2.177987
2.166777
2.166636
2.164679
2.168103
2.180209
2.189171
2.197740
2.207734
2.214850
2.210750
2.205975
2.223911
2.227302
2.199253
2.191732
2.191162
2.179974
2.178699
2.182904
2.173909
2.154589
2.162304
2.184489
2.184693
2.199955
2.299220
2.366796
2.324938
2.315296
2.350192
2.357354
2.306074
2.237435
2.206097
2.196831
2.193531
2.192931
2.196282
2.192912
2.190390
2.191911
2.184106
2.169793
2.155115
2.155702
2.165717
2.159899
2.149163
2.160717
2.237048
2.362545
2.406439
2.330497
2.266762
2.270504
2.314701
2.315816
2.225192
2.167741
2.167371
2.158682
2.142594
2.134037
2.137607
2.145361
2.165163
2.176739
2.158901
2.155198
2.223203
2.265206
2.188921
2.150440
2.173891
2.153637
2.133246
2.142453
2.157838
2.163669
2.150539
2.133620
2.130659
2.131980
2.131331
2.131062
2.128843
2.124445
2.123975
2.126715
2.134002
2.144980
2.136666
2.120609
2.119769
2.124829
2.122795
2.112124
2.109609
2.120409
2.125392
2.123637
2.124427
2.117632
2.102021
2.098888
2.109274
2.101692
2.091618
2.098435
2.099073
2.107542
2.125357
2.122083
2.119131
2.125321
2.115368
2.107464
2.110156
2.101474
2.086470
2.086759
2.090192
2.087327
2.106571
2.127648
2.113984
2.094785
2.087774
2.078566
2.061976
2.056444
2.071258
2.072567
2.066171
2.085493
2.109067
2.108416
2.100682
2.093808
2.073268
2.065248
2.075873
2.083567
2.081748
2.070080
2.075701
2.085300
2.074382
2.074327
2.084794
2.081161
2.076444
2.079532
2.079900
2.072800
2.057208
2.054145
2.062970
2.062359
2.068020
2.070158
2.048644
2.041333
2.050998
2.045500
2.046122
2.051327
2.052597
2.067649
2.080078
2.065864
2.047344
2.045090
2.037613
2.024409
2.025674
2.039618
2.046941
2.046695
2.048203
2.037499
2.017816
2.009332
2.023425
2.042693
2.031033
2.019456
2.027447
2.022769
2.016429
2.017928
2.014904
2.016628
2.024082
2.020327
2.011867
2.008510
2.008512
2.016863
2.026304
2.022387
2.004944
2.001578
2.005589
1.998375
2.017840
2.048231
2.041274
2.018075
2.006586
2.003366
2.011192
2.016466
2.006055
1.992351
1.976644
1.965161
1.964483
1.962211
1.960960
1.967792
1.975333
1.974122
1.959296
1.965120
1.976361
1.965762
1.968571
1.978933
1.975336
1.965248
1.964577
1.967342
1.965500
1.959147
1.960345
1.977929
1.975414
1.952209
1.942084
1.938485
1.931626
1.928949
1.928572
1.930806
1.933537
1.926510
1.917026
1.913166
1.917423
1.929325
1.935521
1.934702
1.924019
1.908949
1.906784
1.899030
1.903582
1.926802
1.922290
1.900148
1.887577
1.887805
1.892745
1.901815
1.908140
1.892708
1.873931
1.873129
1.878835
1.882373
1.876032
1.861885
1.861839
1.869787
1.869184
1.864828
1.868342
1.864861
1.848614
1.840301
1.843163
1.844235
1.832253
1.826346
1.826105
1.821249
1.826348
1.835070
1.833042
1.832371
1.834895
1.825850
1.817861
1.828483
1.839271
1.825484
1.814003
1.809525
1.804091
1.816657
1.823447
1.815290
1.814917
1.814362
1.810753
1.818999
1.814585
1.800156
1.800707
1.796139
1.790867
1.789912
1.786285
1.789431
1.806631
1.814307
1.795861
1.783430
1.784182
1.784683
1.782730
1.776637
1.775521
1.777246
1.776710
1.789324
1.795085
1.777749
1.772893
1.782121
1.783460
1.780788
1.771200
1.761380
1.763209
1.763173
1.762845
1.767019
1.773506
1.780560
1.775511
1.763268
1.751112
1.752963
1.766041
1.766642
1.773601
1.778381
1.764067
1.759382
1.768181
1.773191
1.761909
1.745978
1.736202
1.743004
1.756850
1.748738
1.740122
1.734473
1.723748
1.722451
1.726412
1.722593
1.718928
1.729043
1.734881
1.724944
1.717035
1.716976
1.717009
1.725795
1.741229
1.746969
1.738916
1.730242
1.739833
1.746641
1.739081
1.734210
1.735572
1.742336
1.740226
1.736090
1.741602
1.739918
1.735714
1.739422
1.739897
1.737983
1.729350
1.718486
1.728530
1.738926
1.738347
1.735338
1.726947
1.733776
1.749195
1.744716
1.724247
1.713163
1.715450
1.723231
1.736345
1.734682
1.725090
1.737381
1.758640
1.761268
1.757259
1.757165
1.757553
1.754215
1.743343
1.745059
1.757195
1.757061
1.739155
1.722395
1.725583
1.727596
1.724892
1.730564
1.722581
1.715110
1.732358
1.745491
1.744490
1.745423
1.742846
1.733517
1.727501
1.734690
1.755599
1.770366
1.769867
1.772254
1.798390
1.801921
1.767223
1.752196
1.760705
1.772207
1.767434
1.756215
1.761169
1.770254
1.774176
1.771686
1.768726
1.771278
1.773843
1.772201
1.770553
1.769806
1.807256
1.846562
1.818934
1.792427
1.775446
1.757536
1.764738
1.780043
1.776595
1.754400
1.752910
1.769536
1.776095
1.770890
1.773068
1.782607
1.791540
1.800955
1.802220
1.795885
1.796417
1.799550
1.789777
1.787567
1.817609
1.835606
1.814289
1.804666
1.810246
1.801045
1.794253
1.799104
1.807898
1.811356
1.814105
1.820556
1.820503
1.810779
1.793158
1.861393
1.944676
1.889521
1.830603
1.827560
1.826336
1.823456
1.810349
1.809928
1.825153
1.832416
1.839794
1.864421
1.870647
1.845421
1.823717
1.818245
1.834284
1.856909
1.851230
1.840655
1.842725
1.832828
1.820251
1.825973
1.839960
1.837085
1.827895
1.827890
1.828790
1.832215
1.838297
1.842084
1.837514
1.828738
1.824261
1.831521
1.840435
1.844754
1.871785
1.906609
1.895315
1.843136
1.811527
1.817233
1.833311
1.844315
1.846829
1.849356
1.860269
1.862636
1.840976
1.842159
1.874836
1.865798
1.830422
1.831223
1.850312
1.854057
1.843312
1.841792
1.846027
1.831478
1.820504
1.836631
1.850745
1.840774
1.835335
1.844690
1.852228
1.875162
1.883137
1.866586
1.859679
1.853414
1.840083
1.834695
1.847982
1.855804
1.839245
1.839540
1.831064
1.834934
1.809607
1.935121
4.249273
5.953415
3.594810
1.780972
1.844613
1.823969
1.839969
1.827029
1.815469
1.815214
1.823132
1.820693
1.812506
1.808610
1.817298
1.809993
1.804855
1.829838
1.838812
1.819601
1.808937
1.807753
1.805364
1.794050
1.792433
1.797534
1.795612
1.812526
1.818532
1.780008
1.767323
1.784835
1.813013
1.951497
2.006384
1.857671
1.784651
1.798777
1.795470
1.787504
1.772792
1.769747
1.784479
1.793524
1.786240
1.789269
1.800949
1.792211
1.780153
1.794033
1.814431
1.809814
1.787546
1.776890
1.776981
1.772191
1.769543
1.761515
1.752901
1.759566
1.773600
1.796105
1.807430
1.803274
1.808169
1.803682
1.786659
1.784392
1.792869
1.796404
1.791833
1.783375
1.777684
1.784630
1.803469
1.804788
1.791270
1.798231
1.816464
1.825322
1.829187
1.835068
1.832139
1.823211
1.826899
1.830028
1.824228
1.834618
1.850259
1.850520
1.860498
1.878323
1.875260
1.872029
1.878801
1.875189
1.876251
1.879977
1.891773
1.913780
1.915755
1.913581
1.924575
1.939019
1.938304
1.932466
1.945941
1.958203
1.963679
1.970289
1.969958
1.967402
1.979953
1.994667
1.999976
2.020145
2.035697
2.025098
2.025745
2.052394
2.073539
2.081381
2.085458
2.077266
2.074687
2.094433
2.117383
2.121511
2.117178
2.132458
2.148006
2.152253
2.155720
2.147692
2.150048
2.173761
2.190406
2.181540
2.165098
2.172303
2.184671
2.178946
2.168529
2.173126
2.189579
2.186046
2.159441
2.140567
2.133482
2.132389
2.132658
2.126825
2.107246
2.083417
2.065232
2.036604
2.014496
1.998841
1.977146
1.958649
1.930399
1.902947
1.874412
1.831929
1.798236
1.771179
1.731796
1.683505
1.644898
1.614382
1.571178
1.523034
1.482674
1.441675
1.396948
1.357121
1.321449
1.284097
1.243198
1.198393
1.158148
1.123421
1.079397
1.027982
0.987959
0.954798
0.915646
0.878975
0.849777
0.817004
0.780689
0.749910
0.722413
0.691647
0.656621
0.624533
0.597019
0.572367
0.554427
0.530594
0.504381
0.485605
0.461602
0.439058
0.421888
0.403990
0.387768
0.369325
0.350167
0.337235
0.325315
0.311188
0.296837
0.282947
0.271719
0.260094
0.248805
0.239642
0.229406
0.217375
0.207909
0.202732
0.195785
0.186618
0.178650
0.171899
0.165544
0.159526
0.153302
0.147598
0.143319
0.138379
0.132598
0.127877
0.123897
0.120184
0.117140
0.113785
0.110716
0.108623
0.104956
0.101274
0.099952
0.099016
0.097571
0.095258
0.093102
0.090249
0.087481
0.087344
0.087356
0.087394
0.087955
0.086923
0.084607
0.082997
0.062539
