0.333642
0.333642
0.391775
0.449907
0.450782
0.451657
0.452313
0.452970
0.455329
0.457689
0.459193
0.460697
0.461436
0.462175
0.464525
0.466874
0.469214
0.471555
0.474009
0.476464
0.481689
0.486914
0.491990
0.497067
0.499679
0.502291
0.506059
0.509828
0.517440
0.525051
0.532695
0.540340
0.544744
0.549148
0.553009
0.556870
0.561735
0.566601
0.572321
0.578040
0.585055
0.592071
0.599230
0.606390
0.613193
0.619997
0.628212
0.636427
0.645112
0.653798
0.660618
0.667438
0.674492
0.681545
0.690569
0.699593
0.708781
0.717968
0.728833
0.739698
0.751934
0.764170
0.773278
0.782385
0.787956
0.793528
0.799773
0.806018
0.813411
0.820805
0.827002
0.833199
0.841031
0.848862
0.857112
0.865362
0.874177
0.882992
0.894613
0.906233
0.916727
0.927221
0.935855
0.944488
0.951350
0.958211
0.964384
0.970557
0.981654
0.992752
1.009391
1.026031
1.036747
1.047464
1.051644
1.055824
1.063788
1.071752
1.079079
1.086406
1.091448
1.096489
1.103969
1.111449
1.118001
1.124553
1.128524
1.132495
1.141800
1.151106
1.165763
1.180420
1.187226
1.194032
1.195565
1.197098
1.206359
1.215620
1.228361
1.241102
1.245051
1.249000
1.250323
1.251645
1.257524
1.263402
1.268031
1.272660
1.281705
1.290749
1.301121
1.311493
1.315354
1.319215
1.327280
1.335345
1.343774
1.352203
1.353315
1.354427
1.359981
1.365535
1.377148
1.388761
1.394877
1.400993
1.401521
1.402049
1.406958
1.411866
1.420150
1.428434
1.432492
1.436550
1.435427
1.434305
1.433419
1.432533
1.443371
1.454209
1.467080
1.479950
1.481039
1.482128
1.485780
1.489432
1.497740
1.506048
1.507802
1.509557
1.506476
1.503396
1.506383
1.509370
1.519650
1.529930
1.534199
1.538468
1.540770
1.543071
1.550989
1.558907
1.565462
1.572016
1.572420
1.572825
1.573273
1.573721
1.577477
1.581233
1.581867
1.582502
1.586307
1.590111
1.597747
1.605383
1.611857
1.618330
1.624635
1.630940
1.633441
1.635942
1.640132
1.644322
1.648151
1.651980
1.649805
1.647630
1.654761
1.661893
1.675676
1.689459
1.692255
1.695051
1.689996
1.684942
1.681812
1.678683
1.686578
1.694474
1.704883
1.715293
1.715520
1.715746
1.714648
1.713550
1.713266
1.712982
1.713228
1.713474
1.716038
1.718601
1.720607
1.722612
1.724001
1.725390
1.724919
1.724448
1.728105
1.731762
1.739340
1.746917
1.749163
1.751408
1.756731
1.762054
1.773980
1.785907
1.789391
1.792874
1.786720
1.780565
1.775361
1.770158
1.775283
1.780408
1.791395
1.802382
1.809896
1.817409
1.821801
1.826192
1.822655
1.819119
1.814273
1.809427
1.812155
1.814882
1.823780
1.832678
1.842706
1.852733
1.855072
1.857411
1.854070
1.850730
1.847430
1.844131
1.841615
1.839099
1.840253
1.841407
1.848543
1.855680
1.866928
1.878176
1.884185
1.890194
1.887420
1.884645
1.884769
1.884894
1.891647
1.898401
1.903677
1.908953
1.909883
1.910814
1.910181
1.909548
1.910892
1.912236
1.916343
1.920449
1.923313
1.926178
1.928260
1.930343
1.929342
1.928342
1.928424
1.928505
1.934699
1.940894
1.944147
1.947400
1.950663
1.953926
1.954509
1.955093
1.947871
1.940649
1.941604
1.942559
1.947720
1.952882
1.952437
1.951992
1.956373
1.960753
1.964376
1.968000
1.965964
1.963928
1.965597
1.967267
1.969969
1.972670
1.973645
1.974620
1.979887
1.985154
1.989162
1.993171
1.994222
1.995272
1.997612
1.999951
1.996733
1.993516
1.989336
1.985155
1.991658
1.998160
2.007366
2.016573
2.012289
2.008005
2.004959
2.001913
2.007861
2.013808
2.011270
2.008731
2.004859
2.000987
2.000656
2.000325
2.000461
2.000597
2.005527
2.010458
2.013742
2.017026
2.019871
2.022717
2.026541
2.030366
2.033012
2.035658
2.037031
2.038404
2.033155
2.027907
2.028068
2.028230
2.033281
2.038331
2.037889
2.037446
2.037947
2.038447
2.037744
2.037041
2.044990
2.052939
2.062575
2.072211
2.063950
2.055690
2.051986
2.048282
2.051668
2.055055
2.048792
2.042528
2.037077
2.031626
2.034105
2.036584
2.041657
2.046730
2.047747
2.048765
2.041403
2.034042
2.032102
2.030161
2.038152
2.046142
2.046929
2.047716
2.043619
2.039521
2.043635
2.047748
2.055173
2.062599
2.057301
2.052003
2.041111
2.030219
2.026979
2.023738
2.028226
2.032714
2.034419
2.036123
2.027665
2.019207
2.019936
2.020665
2.031292
2.041919
2.045037
2.048155
2.045228
2.042301
2.037546
2.032791
2.026733
2.020674
2.023187
2.025700
2.031829
2.037959
2.032612
2.027266
2.018152
2.009037
2.004922
2.000807
1.999843
1.998879
1.996851
1.994823
1.994538
1.994253
1.995422
1.996591
1.991310
1.986029
1.978883
1.971736
1.970386
1.969036
1.970888
1.972740
1.976275
1.979810
1.982263
1.984715
1.981891
1.979067
1.978598
1.978128
1.980768
1.983409
1.983661
1.983914
1.983750
1.983585
1.984687
1.985789
1.982269
1.978749
1.973320
1.967890
1.969717
1.971543
1.970705
1.969866
1.963556
1.957245
1.956058
1.954871
1.955589
1.956306
1.955699
1.955091
1.954989
1.954887
1.950195
1.945503
1.940927
1.936351
1.935719
1.935088
1.935469
1.935851
1.941747
1.947644
1.955206
1.962768
1.959893
1.957018
1.946911
1.936804
1.933902
1.931001
1.927239
1.923477
1.913081
1.902685
1.903058
1.903430
1.911388
1.919346
1.920632
1.921918
1.917889
1.913859
1.908429
1.902999
1.900711
1.898422
1.899052
1.899681
1.898904
1.898127
1.894976
1.891825
1.884723
1.877621
1.875453
1.873286
1.882348
1.891410
1.895871
1.900332
1.892836
1.885340
1.878945
1.872549
1.869728
1.866907
1.862182
1.857456
1.856031
1.854606
1.860688
1.866770
1.871469
1.876169
1.872459
1.868748
1.864577
1.860405
1.854674
1.848943
1.839834
1.830724
1.832130
1.833536
1.842777
1.852019
1.853968
1.855917
1.850265
1.844614
1.835446
1.826279
1.815354
1.804428
1.802372
1.800317
1.807036
1.813756
1.816804
1.819852
1.819217
1.818581
1.818538
1.818494
1.817493
1.816493
1.816590
1.816687
1.819849
1.823011
1.818582
1.814154
1.807425
1.800697
1.798798
1.796898
1.791169
1.785440
1.786849
1.788259
1.796403
1.804546
1.803126
1.801707
1.795376
1.789045
1.787726
1.786406
1.787675
1.788944
1.787875
1.786806
1.785423
1.784040
1.781192
1.778343
1.773251
1.768158
1.765380
1.762602
1.764692
1.766782
1.771749
1.776716
1.779545
1.782373
1.778344
1.774316
1.767317
1.760319
1.759913
1.759507
1.762141
1.764776
1.763720
1.762665
1.762567
1.762469
1.767031
1.771594
1.769667
1.767739
1.755999
1.744260
1.738553
1.732846
1.736393
1.739939
1.740397
1.740856
1.737188
1.733519
1.735914
1.738309
1.744951
1.751594
1.757050
1.762506
1.761389
1.760272
1.753172
1.746071
1.747224
1.748377
1.754011
1.759644
1.758054
1.756464
1.759998
1.763532
1.769113
1.774693
1.765109
1.755525
1.745957
1.736389
1.740228
1.744068
1.749601
1.755135
1.752454
1.749774
1.744438
1.739101
1.737325
1.735549
1.734770
1.733992
1.733259
1.732525
1.735445
1.738364
1.741151
1.743937
1.739968
1.735998
1.732812
1.729626
1.731955
1.734284
1.739255
1.744226
1.748004
1.751782
1.751006
1.750230
1.743748
1.737267
1.727889
1.718511
1.712646
1.706781
1.709116
1.711450
1.719387
1.727325
1.728858
1.730392
1.730568
1.730745
1.736395
1.742046
1.740291
1.738536
1.728883
1.719229
1.716139
1.713049
1.718068
1.723088
1.725312
1.727535
1.727613
1.727692
1.730009
1.732327
1.734675
1.737022
1.743430
1.749838
1.754105
1.758372
1.751740
1.745107
1.738599
1.732091
1.730880
1.729669
1.725430
1.721192
1.719731
1.718270
1.719561
1.720851
1.718675
1.716498
1.719005
1.721512
1.721864
1.722216
1.721608
1.721000
1.726460
1.731919
1.736247
1.740576
1.743015
1.745455
1.739301
1.733147
1.725306
1.717466
1.721395
1.725325
1.730097
1.734868
1.732989
1.731111
1.725935
1.720759
1.717683
1.714607
1.720775
1.726942
1.737367
1.747793
1.747397
1.747000
1.741585
1.736170
1.737783
1.739397
1.738839
1.738281
1.737719
1.737157
1.739677
1.742196
1.736081
1.729966
1.724364
1.718762
1.717289
1.715817
1.712846
1.709876
1.714672
1.719468
1.726144
1.732820
1.733728
1.734635
1.730358
1.726082
1.722367
1.718652
1.723078
1.727504
1.730036
1.732568
1.728263
1.723958
1.721491
1.719023
1.721342
1.723661
1.724680
1.725698
1.722740
1.719782
1.718781
1.717780
1.721875
1.725971
1.726583
1.727195
1.721413
1.715631
1.716702
1.717772
1.721923
1.726074
1.723717
1.721360
1.724525
1.727689
1.731635
1.735582
1.731981
1.728379
1.730185
1.731990
1.736433
1.740876
1.734635
1.728394
1.718557
1.708721
1.705687
1.702653
1.705892
1.709131
1.711466
1.713801
1.711881
1.709961
1.714193
1.718426
1.723556
1.728686
1.726262
1.723838
1.720242
1.716646
1.715804
1.714963
1.719072
1.723180
1.725611
1.728043
1.726719
1.725394
1.725990
1.726585
1.727067
1.727549
1.728565
1.729582
1.728180
1.726778
1.721167
1.715556
1.713491
1.711426
1.712933
1.714440
1.714195
1.713949
1.715147
1.716345
1.722024
1.727704
1.727412
1.727119
1.722794
1.718469
1.716543
1.714618
1.707899
1.701181
1.699730
1.698278
1.707902
1.717527
1.720683
1.723838
1.717138
1.710438
1.708288
1.706138
1.708022
1.709906
1.710443
1.710980
1.709286
1.707593
1.700007
1.692422
1.690825
1.689228
1.695812
1.702396
1.705437
1.708479
1.709013
1.709547
1.711464
1.713382
1.718970
1.724557
1.731186
1.737816
1.734126
1.730436
1.721975
1.713514
1.715224
1.716934
1.722662
1.728390
1.730567
1.732743
1.732111
1.731478
1.729229
1.726980
1.719878
1.712776
1.707756
1.702736
1.707945
1.713154
1.717853
1.722553
1.723823
1.725092
1.723191
1.721290
1.716383
1.711476
1.713062
1.714649
1.720327
1.726005
1.724675
1.723345
1.718687
1.714030
1.716055
1.718080
1.723303
1.728526
1.727696
1.726867
1.726128
1.725389
1.728176
1.730963
1.731272
1.731582
1.733070
1.734558
1.736537
1.738516
1.739266
1.740016
1.745650
1.751284
1.753995
1.756705
1.747050
1.737394
1.731266
1.725138
1.732003
1.738868
1.749218
1.759567
1.758847
1.758128
1.749353
1.740577
1.740773
1.740970
1.744288
1.747606
1.753456
1.759307
1.763627
1.767947
1.761754
1.755561
1.750640
1.745719
1.744320
1.742920
1.743927
1.744935
1.749127
1.753319
1.757709
1.762098
1.765649
1.769201
1.768544
1.767888
1.766363
1.764837
1.764425
1.764013
1.758516
1.753018
1.744588
1.736159
1.730894
1.725629
1.722187
1.718745
1.715756
1.712768
1.716153
1.719539
1.730617
1.741695
1.748299
1.754904
1.751748
1.748592
1.744862
1.741132
1.741060
1.740989
1.739949
1.738910
1.733920
1.728931
1.730039
1.731147
1.736085
1.741024
1.739850
1.738677
1.738711
1.738746
1.740593
1.742440
1.746992
1.751545
1.757702
1.763858
1.761710
1.759562
1.750287
1.741012
1.737823
1.734634
1.743707
1.752780
1.756851
1.760921
1.753175
1.745429
1.744581
1.743734
1.750644
1.757555
1.759181
1.760808
1.762861
1.764914
1.771767
1.778619
1.779567
1.780516
1.775565
1.770615
1.773584
1.776553
1.786448
1.796343
1.799812
1.803280
1.799038
1.794797
1.784496
1.774194
1.765781
1.757368
1.761135
1.764901
1.772450
1.779999
1.782198
1.784397
1.788186
1.791975
1.797443
1.802910
1.804876
1.806841
1.807328
1.807815
1.801890
1.795966
1.790725
1.785483
1.788164
1.790846
1.793712
1.796579
1.798787
1.800995
1.800670
1.800346
1.795470
1.790595
1.792616
1.794637
1.806713
1.818788
1.823864
1.828939
1.825208
1.821476
1.819900
1.818323
1.819549
1.820776
1.821250
1.821724
1.819611
1.817498
1.817227
1.816957
1.815480
1.814003
1.809265
1.804528
1.808953
1.813379
1.818272
1.823166
1.816477
1.809787
1.809040
1.808293
1.811628
1.814964
1.809207
1.803449
1.803496
1.803543
1.813298
1.823054
1.825391
1.827727
1.825226
1.822724
1.827286
1.831848
1.834134
1.836419
1.834078
1.831737
1.833576
1.835415
1.834799
1.834183
1.831346
1.828509
1.830540
1.832571
1.835360
1.838148
1.839664
1.841180
1.837191
1.833201
1.831245
1.829289
1.838196
1.847103
1.850268
1.853433
1.844623
1.835814
1.831883
1.827952
1.837521
1.847090
1.855186
1.863283
1.858167
1.853050
1.841537
1.830023
1.826725
1.823426
1.831034
1.838643
1.842633
1.846623
1.845562
1.844502
1.845067
1.845632
1.844419
1.843206
1.839792
1.836377
1.836839
1.837302
1.845506
1.853711
1.863393
1.873074
1.875517
1.877960
1.873249
1.868538
1.863583
1.858627
1.858805
1.858983
1.858877
1.858770
1.859758
1.860746
1.864831
1.868915
1.872555
1.876195
1.880740
1.885285
1.882166
1.879046
1.872806
1.866565
1.867724
1.868883
1.867029
1.865175
1.863188
1.861201
1.867918
1.874635
1.875311
1.875987
1.874002
1.872017
1.874586
1.877156
1.873079
1.869001
1.867033
1.865064
1.864901
1.864738
1.861430
1.858122
1.860553
1.862984
1.864044
1.865105
1.864039
1.862973
1.865319
1.867665
1.867733
1.867801
1.867946
1.868091
1.866445
1.864800
1.859082
1.853364
1.851934
1.850504
1.853358
1.856212
1.862221
1.868231
1.877096
1.885961
1.885736
1.885510
1.880543
1.875576
1.874775
1.873974
1.867777
1.861579
1.857963
1.854347
1.859255
1.864163
1.866891
1.869618
1.866210
1.862802
1.856435
1.850069
1.853171
1.856272
1.872467
1.888662
1.902179
1.915696
1.911690
1.907683
1.895842
1.884001
1.881702
1.879402
1.879587
1.879773
1.878603
1.877433
1.881528
1.885623
1.887717
1.889810
1.888383
1.886955
1.890595
1.894236
1.897021
1.899806
1.890652
1.881497
1.874264
1.867030
1.871479
1.875929
1.874998
1.874066
1.874954
1.875841
1.883770
1.891699
1.892788
1.893878
1.892692
1.891506
1.891122
1.890738
1.891202
1.891667
1.888978
1.886289
1.878114
1.869939
1.869096
1.868252
1.876951
1.885650
1.895725
1.905800
1.912828
1.919857
1.918270
1.916684
1.911159
1.905634
1.904988
1.904343
1.910088
1.915833
1.913083
1.910333
1.898737
1.887140
1.889858
1.892577
1.895001
1.897424
1.892942
1.888460
1.886996
1.885531
1.879711
1.873891
1.870712
1.867533
1.871506
1.875479
1.880314
1.885149
1.885204
1.885260
1.882226
1.879193
1.876257
1.873322
1.871818
1.870315
1.867947
1.865579
1.859183
1.852787
1.850696
1.848604
1.854129
1.859654
1.866038
1.872421
1.871703
1.870986
1.865738
1.860491
1.859960
1.859430
1.861376
1.863322
1.863382
1.863442
1.862990
1.862538
1.861950
1.861362
1.860780
1.860197
1.862465
1.864733
1.869425
1.874117
1.878144
1.882171
1.880248
1.878325
1.873120
1.867916
1.866743
1.865570
1.865066
1.864561
1.863827
1.863093
1.865883
1.868673
1.878169
1.887665
1.892329
1.896994
1.894724
1.892454
1.889366
1.886278
1.877890
1.869503
1.872865
1.876227
1.885800
1.895372
1.893325
1.891278
1.883296
1.875313
1.865982
1.856652
1.862221
1.867790
1.883872
1.899954
1.904887
1.909820
1.912226
1.914632
1.913790
1.912948
1.902662
1.892375
1.890944
1.889513
1.896744
1.903975
1.904647
1.905319
1.904986
1.904653
1.909702
1.914751
1.911255
1.907760
1.898776
1.889793
1.882437
1.875080
1.869854
1.864628
1.871275
1.877922
1.884210
1.890497
1.887012
1.883526
1.876778
1.870030
1.864280
1.858529
1.857987
1.857445
1.861201
1.864958
1.870662
1.876367
1.878646
1.880925
1.876198
1.871471
1.866510
1.861548
1.862426
1.863304
1.868785
1.874265
1.869644
1.865022
1.852568
1.840114
1.842589
1.845065
1.853718
1.862372
1.860912
1.859453
1.850807
1.842160
1.834491
1.826822
1.827312
1.827802
1.833832
1.839861
1.840613
1.841366
1.839608
1.837850
1.836734
1.835618
1.830992
1.826365
1.825272
1.824179
1.827068
1.829956
1.837287
1.844618
1.851653
1.858687
1.856720
1.854754
1.853280
1.851806
1.854583
1.857360
1.855005
1.852650
1.846798
1.840946
1.842672
1.844397
1.852940
1.861483
1.860841
1.860198
1.850008
1.839817
1.838217
1.836617
1.838923
1.841228
1.837373
1.833517
1.829770
1.826023
1.823691
1.821358
1.821458
1.821557
1.822466
1.823374
1.823593
1.823812
1.822404
1.820997
1.821178
1.821358
1.827503
1.833648
1.835808
1.837968
1.831875
1.825783
1.821252
1.816721
1.824480
1.832240
1.837569
1.842897
1.838709
1.834520
1.832602
1.830685
1.828470
1.826255
1.829187
1.832120
1.839895
1.847671
1.847800
1.847930
1.841886
1.835843
1.834828
1.833814
1.838357
1.842901
1.838786
1.834671
1.827148
1.819625
1.819800
1.819976
1.823613
1.827251
1.829435
1.831620
1.826836
1.822052
1.821703
1.821353
1.826821
1.832290
1.827865
1.823440
1.818512
1.813584
1.817725
1.821866
1.821471
1.821077
1.816219
1.811362
1.815902
1.820442
1.825315
1.830189
1.830456
1.830724
1.830492
1.830260
1.825029
1.819797
1.813989
1.808180
1.809254
1.810327
1.817849
1.825371
1.827289
1.829206
1.828089
1.826972
1.827522
1.828072
1.826675
1.825279
1.825936
1.826593
1.826618
1.826643
1.826121
1.825600
1.824928
1.824256
1.825325
1.826394
1.825333
1.824272
1.822019
1.819767
1.823144
1.826520
1.831889
1.837258
1.838595
1.839932
1.830230
1.820529
1.814742
1.808956
1.817105
1.825253
1.827514
1.829776
1.825057
1.820337
1.818835
1.817333
1.820477
1.823621
1.828136
1.832651
1.832399
1.832147
1.830834
1.829520
1.824879
1.820237
1.817224
1.814210
1.822189
1.830168
1.834516
1.838865
1.837932
1.836999
1.841011
1.845023
1.842474
1.839924
1.833144
1.826365
1.825756
1.825147
1.826532
1.827916
1.832887
1.837858
1.843858
1.849858
1.851660
1.853461
1.853916
1.854370
1.852496
1.850623
1.847313
1.844004
1.844224
1.844443
1.843994
1.843545
1.842935
1.842325
1.845267
1.848209
1.849143
1.850078
1.851312
1.852546
1.853490
1.854435
1.850970
1.847504
1.844410
1.841317
1.841844
1.842371
1.844612
1.846852
1.846553
1.846255
1.846635
1.847015
1.851568
1.856120
1.859777
1.863435
1.861877
1.860320
1.854434
1.848548
1.839969
1.831390
1.829779
1.828167
1.835711
1.843254
1.848993
1.854733
1.858817
1.862900
1.865795
1.868691
1.868711
1.868730
1.865342
1.861954
1.861947
1.861940
1.868013
1.874086
1.874220
1.874354
1.871586
1.868818
1.870249
1.871681
1.867463
1.863245
1.858481
1.853717
1.859249
1.864781
1.868896
1.873012
1.874119
1.875226
1.877598
1.879971
1.881290
1.882608
1.883240
1.883872
1.885051
1.886230
1.888432
1.890634
1.889566
1.888499
1.888027
1.887555
1.892060
1.896566
1.897514
1.898462
1.893836
1.889210
1.888127
1.887044
1.889425
1.891807
1.891749
1.891691
1.891002
1.890314
1.891580
1.892846
1.895987
1.899129
1.899749
1.900368
1.899256
1.898144
1.897886
1.897628
1.896939
1.896249
1.900706
1.905163
1.909265
1.913367
1.910305
1.907244
1.907287
1.907330
1.911705
1.916080
1.918009
1.919938
1.916648
1.913359
1.911125
1.908891
1.913663
1.918436
1.927583
1.936731
1.939229
1.941728
1.926718
1.911708
1.903814
1.895921
1.903456
1.910991
1.913616
1.916240
1.916797
1.917355
1.922037
1.926719
1.932778
1.938837
1.942009
1.945182
1.945556
1.945930
1.944596
1.943262
1.941930
1.940598
1.944526
1.948453
1.951847
1.955241
1.952192
1.949144
1.944079
1.939013
1.938356
1.937699
1.944309
1.950919
1.955825
1.960730
1.960034
1.959339
1.956649
1.953960
1.947931
1.941901
1.940600
1.939298
1.946443
1.953588
1.960733
1.967878
1.974120
1.980361
1.983136
1.985911
1.983796
1.981681
1.974895
1.968109
1.963118
1.958127
1.962722
1.967318
1.969613
1.971908
1.967897
1.963885
1.966474
1.969063
1.974391
1.979719
1.979770
1.979822
1.977890
1.975958
1.969587
1.963215
1.965459
1.967703
1.977664
1.987624
1.989044
1.990463
1.993035
1.995608
1.996837
1.998065
1.994425
1.990785
1.987716
1.984648
1.982487
1.980327
1.982660
1.984993
1.984698
1.984404
1.981334
1.978263
1.981364
1.984465
1.982811
1.981158
1.977106
1.973054
1.978733
1.984412
1.990463
1.996514
1.995027
1.993541
1.991594
1.989646
1.995447
2.001247
2.003573
2.005899
2.001089
1.996280
1.998974
2.001668
2.009300
2.016932
2.017607
2.018282
2.013876
2.009470
2.004164
1.998859
1.995055
1.991252
1.992521
1.993790
2.000527
2.007264
2.009631
2.011997
2.004891
1.997784
1.993380
1.988977
1.994932
2.000888
2.005237
2.009586
2.006017
2.002447
2.004360
2.006274
2.011006
2.015737
2.011927
2.008117
2.000957
1.993796
1.996258
1.998721
2.005535
2.012349
2.008129
2.003910
2.002852
2.001794
2.013393
2.024993
2.027865
2.030738
2.022652
2.014566
2.011111
2.007656
2.010269
2.012882
2.014823
2.016765
2.011564
2.006364
1.997942
1.989519
1.994194
1.998868
2.009788
2.020708
2.018067
2.015427
2.007909
2.000390
2.001934
2.003479
2.008263
2.013047
2.016728
2.020409
2.022734
2.025059
2.017065
2.009071
2.005177
2.001282
2.011816
2.022350
2.030041
2.037731
2.038327
2.038922
2.035722
2.032521
2.028488
2.024455
2.025438
2.026421
2.032989
2.039556
2.039326
2.039096
2.029624
2.020153
2.018715
2.017278
2.022188
2.027097
2.025735
2.024373
2.019323
2.014273
2.012537
2.010800
2.010633
2.010467
2.010572
2.010677
2.016639
2.022601
2.023563
2.024526
2.016046
2.007566
2.004479
2.001391
2.002057
2.002723
2.005893
2.009064
2.012224
2.015383
2.013069
2.010754
2.007810
2.004867
2.005700
2.006534
2.018471
2.030409
2.037616
2.044822
2.040627
2.036432
2.040729
2.045025
2.046832
2.048639
2.042768
2.036896
2.041062
2.045227
2.050239
2.055252
2.047743
2.040233
2.032618
2.025003
2.027880
2.030757
2.034330
2.037902
2.037587
2.037272
2.042578
2.047884
2.054983
2.062082
2.059720
2.057358
2.057340
2.057323
2.065972
2.074621
2.080671
2.086720
2.086126
2.085531
2.086632
2.087733
2.107854
2.127975
2.153323
2.178671
2.180015
2.181359
2.177373
2.173387
2.172190
2.170993
2.151981
2.132968
2.114679
2.096390
2.093270
2.090150
2.118547
2.146944
2.189580
2.232216
2.215852
2.199488
2.177340
2.155192
2.185626
2.216060
2.213465
2.210870
2.168933
2.126997
2.101879
2.076761
2.071714
2.066667
2.069847
2.073028
2.078535
2.084042
2.090957
2.097872
2.098579
2.099286
2.101020
2.102753
2.107921
2.113089
2.109780
2.106471
2.101755
2.097039
2.103446
2.109854
2.115024
2.120194
2.121593
2.122991
2.125009
2.127027
2.120292
2.113558
2.104795
2.096032
2.102521
2.109011
2.124515
2.140019
2.148901
2.157783
2.157583
2.157383
2.155393
2.153404
2.156265
2.159127
2.158416
2.157705
2.166643
2.175581
2.194987
2.214393
2.213993
2.213593
2.220269
2.226945
2.240220
2.253495
2.239333
2.225171
2.227196
2.229222
2.240119
2.251016
2.223448
2.195881
2.165491
2.135101
2.123090
2.111079
2.102348
2.093617
2.097594
2.101570
2.108799
2.116028
2.112972
2.109917
2.113946
2.117976
2.126410
2.134845
2.135923
2.137001
2.140557
2.144114
2.147286
2.150458
2.147507
2.144556
2.146324
2.148093
2.152874
2.157654
2.159291
2.160928
2.157500
2.154072
2.147254
2.140437
2.139169
2.137900
2.141908
2.145916
2.150358
2.154799
2.153963
2.153126
2.149958
2.146789
2.149408
2.152026
2.161232
2.170437
2.178533
2.186628
2.204214
2.221800
2.260490
2.299179
2.311226
2.323273
2.296661
2.270050
2.248172
2.226294
2.213907
2.201520
2.196339
2.191159
2.192352
2.193544
2.186974
2.180403
2.180288
2.180173
2.194900
2.209627
2.210097
2.210567
2.199222
2.187877
2.186791
2.185706
2.181081
2.176455
2.168329
2.160203
2.162453
2.164702
2.164214
2.163727
2.163919
2.164110
2.173028
2.181946
2.184728
2.187510
2.182065
2.176620
2.170742
2.164864
2.164529
2.164194
2.165444
2.166694
2.172828
2.178962
2.190864
2.202767
2.202444
2.202121
2.198754
2.195386
2.196462
2.197538
2.194801
2.192063
2.185025
2.177987
2.172382
2.166777
2.166707
2.166636
2.165658
2.164679
2.166391
2.168103
2.174156
2.180209
2.184690
2.189171
2.193455
2.197740
2.202737
2.207734
2.211292
2.214850
2.212800
2.210750
2.208362
2.205975
2.214943
2.223911
2.225607
2.227302
2.213278
2.199253
2.195493
2.191732
2.191447
2.191162
2.185568
2.179974
2.179336
2.178699
2.180802
2.182904
2.178407
2.173909
2.164249
2.154589
2.158447
2.162304
2.173396
2.184489
2.184591
2.184693
2.192324
2.199955
2.249588
2.299220
2.333008
2.366796
2.345867
2.324938
2.320117
2.315296
2.332744
2.350192
2.353773
2.357354
2.331714
2.306074
2.271755
2.237435
2.221766
2.206097
2.201464
2.196831
2.195181
2.193531
2.193231
2.192931
2.194606
2.196282
2.194597
2.192912
2.191651
2.190390
2.191151
2.191911
2.188009
2.184106
2.176950
2.169793
2.162454
2.155115
2.155409
2.155702
2.160709
2.165717
2.162808
2.159899
2.154531
2.149163
2.154940
2.160717
2.198882
2.237048
2.299797
2.362545
2.384492
2.406439
2.368468
2.330497
2.298629
2.266762
2.268633
2.270504
2.292603
2.314701
2.315258
2.315816
2.270504
2.225192
2.196466
2.167741
2.167556
2.167371
2.163026
2.158682
2.150638
2.142594
2.138316
2.134037
2.135822
2.137607
2.141484
2.145361
2.155262
2.165163
2.170951
2.176739
2.167820
2.158901
2.157050
2.155198
2.189201
2.223203
2.244204
2.265206
2.227063
2.188921
2.169681
2.150440
2.162165
2.173891
2.163764
2.153637
2.143441
2.133246
2.137850
2.142453
2.150145
2.157838
2.160754
2.163669
2.157104
2.150539
2.142080
2.133620
2.132140
2.130659
2.131320
2.131980
2.131655
2.131331
2.131196
2.131062
2.129952
2.128843
2.126644
2.124445
2.124210
2.123975
2.125345
2.126715
2.130358
2.134002
2.139491
2.144980
2.140823
2.136666
2.128637
2.120609
2.120189
2.119769
2.122299
2.124829
2.123812
2.122795
2.117459
2.112124
2.110867
2.109609
2.115009
2.120409
2.122901
2.125392
2.124515
2.123637
2.124032
2.124427
2.121029
2.117632
2.109827
2.102021
2.100455
2.098888
2.104081
2.109274
2.105483
2.101692
2.096655
2.091618
2.095026
2.098435
2.098754
2.099073
2.103308
2.107542
2.116449
2.125357
2.123720
2.122083
2.120607
2.119131
2.122226
2.125321
2.120344
2.115368
2.111416
2.107464
2.108810
2.110156
2.105815
2.101474
2.093972
2.086470
2.086614
2.086759
2.088475
2.090192
2.088760
2.087327
2.096949
2.106571
2.117110
2.127648
2.120816
2.113984
2.104385
2.094785
2.091279
2.087774
2.083170
2.078566
2.070271
2.061976
2.059210
2.056444
2.063851
2.071258
2.071912
2.072567
2.069369
2.066171
2.075832
2.085493
2.097280
2.109067
2.108741
2.108416
2.104549
2.100682
2.097245
2.093808
2.083538
2.073268
2.069258
2.065248
2.070561
2.075873
2.079720
2.083567
2.082657
2.081748
2.075914
2.070080
2.072890
2.075701
2.080501
2.085300
2.079841
2.074382
2.074355
2.074327
2.079560
2.084794
2.082978
2.081161
2.078803
2.076444
2.077988
2.079532
2.079716
2.079900
2.076350
2.072800
2.065004
2.057208
2.055677
2.054145
2.058558
2.062970
2.062664
2.062359
2.065189
2.068020
2.069089
2.070158
2.059401
2.048644
2.044988
2.041333
2.046165
2.050998
2.048249
2.045500
2.045811
2.046122
2.048725
2.051327
2.051962
2.052597
2.060123
2.067649
2.073863
2.080078
2.072971
2.065864
2.056604
2.047344
2.046217
2.045090
2.041352
2.037613
2.031011
2.024409
2.025041
2.025674
2.032646
2.039618
2.043279
2.046941
2.046818
2.046695
2.047449
2.048203
2.042851
2.037499
2.027658
2.017816
2.013574
2.009332
2.016379
2.023425
2.033059
2.042693
2.036863
2.031033
2.025244
2.019456
2.023452
2.027447
2.025108
2.022769
2.019599
2.016429
2.017178
2.017928
2.016416
2.014904
2.015766
2.016628
2.020355
2.024082
2.022204
2.020327
2.016097
2.011867
2.010188
2.008510
2.008511
2.008512
2.012688
2.016863
2.021584
2.026304
2.024345
2.022387
2.013666
2.004944
2.003261
2.001578
2.003583
2.005589
2.001982
1.998375
2.008107
2.017840
2.033035
2.048231
2.044752
2.041274
2.029675
2.018075
2.012331
2.006586
2.004976
2.003366
2.007279
2.011192
2.013829
2.016466
2.011260
2.006055
1.999203
1.992351
1.984498
1.976644
1.970903
1.965161
1.964822
1.964483
1.963347
1.962211
1.961585
1.960960
1.964376
1.967792
1.971563
1.975333
1.974727
1.974122
1.966709
1.959296
1.962208
1.965120
1.970741
1.976361
1.971062
1.965762
1.967167
1.968571
1.973752
1.978933
1.977135
1.975336
1.970292
1.965248
1.964913
1.964577
1.965959
1.967342
1.966421
1.965500
1.962324
1.959147
1.959746
1.960345
1.969137
1.977929
1.976672
1.975414
1.963812
1.952209
1.947147
1.942084
1.940284
1.938485
1.935056
1.931626
1.930287
1.928949
1.928761
1.928572
1.929689
1.930806
1.932171
1.933537
1.930023
1.926510
1.921768
1.917026
1.915096
1.913166
1.915294
1.917423
1.923374
1.929325
1.932423
1.935521
1.935112
1.934702
1.929361
1.924019
1.916484
1.908949
1.907866
1.906784
1.902907
1.899030
1.901306
1.903582
1.915192
1.926802
1.924546
1.922290
1.911219
1.900148
1.893863
1.887577
1.887691
1.887805
1.890275
1.892745
1.897280
1.901815
1.904977
1.908140
1.900424
1.892708
1.883320
1.873931
1.873530
1.873129
1.875982
1.878835
1.880604
1.882373
1.879202
1.876032
1.868958
1.861885
1.861862
1.861839
1.865813
1.869787
1.869486
1.869184
1.867006
1.864828
1.866585
1.868342
1.866602
1.864861
1.856737
1.848614
1.844457
1.840301
1.841732
1.843163
1.843699
1.844235
1.838244
1.832253
1.829299
1.826346
1.826226
1.826105
1.823677
1.821249
1.823799
1.826348
1.830709
1.835070
1.834056
1.833042
1.832707
1.832371
1.833633
1.834895
1.830372
1.825850
1.821855
1.817861
1.823172
1.828483
1.833877
1.839271
1.832378
1.825484
1.819743
1.814003
1.811764
1.809525
1.806808
1.804091
1.810374
1.816657
1.820052
1.823447
1.819368
1.815290
1.815103
1.814917
1.814639
1.814362
1.812558
1.810753
1.814876
1.818999
1.816792
1.814585
1.807370
1.800156
1.800432
1.800707
1.798423
1.796139
1.793503
1.790867
1.790389
1.789912
1.788098
1.786285
1.787858
1.789431
1.798031
1.806631
1.810469
1.814307
1.805084
1.795861
1.789646
1.783430
1.783806
1.784182
1.784432
1.784683
1.783707
1.782730
1.779683
1.776637
1.776079
1.775521
1.776384
1.777246
1.776978
1.776710
1.783017
1.789324
1.792204
1.795085
1.786417
1.777749
1.775321
1.772893
1.777507
1.782121
1.782790
1.783460
1.782124
1.780788
1.775994
1.771200
1.766290
1.761380
1.762294
1.763209
1.763191
1.763173
1.763009
1.762845
1.764932
1.767019
1.770262
1.773506
1.777033
1.780560
1.778036
1.775511
1.769389
1.763268
1.757190
1.751112
1.752038
1.752963
1.759502
1.766041
1.766342
1.766642
1.770122
1.773601
1.775991
1.778381
1.771224
1.764067
1.761725
1.759382
1.763781
1.768181
1.770686
1.773191
1.767550
1.761909
1.753944
1.745978
1.741090
1.736202
1.739603
1.743004
1.749927
1.756850
1.752794
1.748738
1.744430
1.740122
1.737297
1.734473
1.729110
1.723748
1.723100
1.722451
1.724432
1.726412
1.724503
1.722593
1.720760
1.718928
1.723985
1.729043
1.731962
1.734881
1.729912
1.724944
1.720989
1.717035
1.717005
1.716976
1.716992
1.717009
1.721402
1.725795
1.733512
1.741229
1.744099
1.746969
1.742942
1.738916
1.734579
1.730242
1.735038
1.739833
1.743237
1.746641
1.742861
1.739081
1.736646
1.734210
1.734891
1.735572
1.738954
1.742336
1.741281
1.740226
1.738158
1.736090
1.738846
1.741602
1.740760
1.739918
1.737816
1.735714
1.737568
1.739422
1.739660
1.739897
1.738940
1.737983
1.733666
1.729350
1.723918
1.718486
1.723508
1.728530
1.733728
1.738926
1.738637
1.738347
1.736843
1.735338
1.731143
1.726947
1.730361
1.733776
1.741486
1.749195
1.746955
1.744716
1.734482
1.724247
1.718705
1.713163
1.714306
1.715450
1.719340
1.723231
1.729788
1.736345
1.735514
1.734682
1.729886
1.725090
1.731235
1.737381
1.748010
1.758640
1.759954
1.761268
1.759263
1.757259
1.757212
1.757165
1.757359
1.757553
1.755884
1.754215
1.748779
1.743343
1.744201
1.745059
1.751127
1.757195
1.757128
1.757061
1.748108
1.739155
1.730775
1.722395
1.723989
1.725583
1.726589
1.727596
1.726244
1.724892
1.727728
1.730564
1.726573
1.722581
1.718846
1.715110
1.723734
1.732358
1.738924
1.745491
1.744991
1.744490
1.744957
1.745423
1.744134
1.742846
1.738182
1.733517
1.730509
1.727501
1.731095
1.734690
1.745144
1.755599
1.762983
1.770366
1.770117
1.769867
1.771060
1.772254
1.785322
1.798390
1.800156
1.801921
1.784572
1.767223
1.759710
1.752196
1.756451
1.760705
1.766456
1.772207
1.769821
1.767434
1.761824
1.756215
1.758692
1.761169
1.765712
1.770254
1.772215
1.774176
1.772931
1.771686
1.770206
1.768726
1.770002
1.771278
1.772560
1.773843
1.773022
1.772201
1.771377
1.770553
1.770180
1.769806
1.788531
1.807256
1.826909
1.846562
1.832748
1.818934
1.805681
1.792427
1.783937
1.775446
1.766491
1.757536
1.761137
1.764738
1.772390
1.780043
1.778319
1.776595
1.765497
1.754400
1.753655
1.752910
1.761223
1.769536
1.772816
1.776095
1.773493
1.770890
1.771979
1.773068
1.777837
1.782607
1.787073
1.791540
1.796247
1.800955
1.801588
1.802220
1.799052
1.795885
1.796151
1.796417
1.797983
1.799550
1.794663
1.789777
1.788672
1.787567
1.802588
1.817609
1.826608
1.835606
1.824947
1.814289
1.809478
1.804666
1.807456
1.810246
1.805646
1.801045
1.797649
1.794253
1.796679
1.799104
1.803501
1.807898
1.809627
1.811356
1.812731
1.814105
1.817331
1.820556
1.820530
1.820503
1.815641
1.810779
1.801969
1.793158
1.827276
1.861393
1.903034
1.944676
1.917099
1.889521
1.860062
1.830603
1.829082
1.827560
1.826948
1.826336
1.824896
1.823456
1.816902
1.810349
1.810138
1.809928
1.817541
1.825153
1.828785
1.832416
1.836105
1.839794
1.852108
1.864421
1.867534
1.870647
1.858034
1.845421
1.834569
1.823717
1.820981
1.818245
1.826264
1.834284
1.845597
1.856909
1.854070
1.851230
1.845943
1.840655
1.841690
1.842725
1.837776
1.832828
1.826539
1.820251
1.823112
1.825973
1.832966
1.839960
1.838523
1.837085
1.832490
1.827895
1.827892
1.827890
1.828340
1.828790
1.830502
1.832215
1.835256
1.838297
1.840191
1.842084
1.839799
1.837514
1.833126
1.828738
1.826499
1.824261
1.827891
1.831521
1.835978
1.840435
1.842595
1.844754
1.858270
1.871785
1.889197
1.906609
1.900962
1.895315
1.869226
1.843136
1.827332
1.811527
1.814380
1.817233
1.825272
1.833311
1.838813
1.844315
1.845572
1.846829
1.848092
1.849356
1.854812
1.860269
1.861452
1.862636
1.851806
1.840976
1.841568
1.842159
1.858497
1.874836
1.870317
1.865798
1.848110
1.830422
1.830823
1.831223
1.840768
1.850312
1.852184
1.854057
1.848685
1.843312
1.842552
1.841792
1.843910
1.846027
1.838753
1.831478
1.825991
1.820504
1.828567
1.836631
1.843688
1.850745
1.845759
1.840774
1.838054
1.835335
1.840012
1.844690
1.848459
1.852228
1.863695
1.875162
1.879150
1.883137
1.874862
1.866586
1.863133
1.859679
1.856546
1.853414
1.846748
1.840083
1.837389
1.834695
1.841338
1.847982
1.851893
1.855804
1.847525
1.839245
1.839392
1.839540
1.835302
1.831064
1.832999
1.834934
1.822271
1.809607
1.872364
1.935121
3.092197
4.249273
5.101344
5.953415
4.774112
3.594810
2.687891
1.780972
1.812793
1.844613
1.834291
1.823969
1.831969
1.839969
1.833499
1.827029
1.821249
1.815469
1.815342
1.815214
1.819173
1.823132
1.821912
1.820693
1.816599
1.812506
1.810558
1.808610
1.812954
1.817298
1.813646
1.809993
1.807424
1.804855
1.817347
1.829838
1.834325
1.838812
1.829206
1.819601
1.814269
1.808937
1.808345
1.807753
1.806558
1.805364
1.799707
1.794050
1.793241
1.792433
1.794983
1.797534
1.796573
1.795612
1.804069
1.812526
1.815529
1.818532
1.799270
1.780008
1.773665
1.767323
1.776079
1.784835
1.798924
1.813013
1.882255
1.951497
1.978941
2.006384
1.932028
1.857671
1.821161
1.784651
1.791714
1.798777
1.797124
1.795470
1.791487
1.787504
1.780148
1.772792
1.771269
1.769747
1.777113
1.784479
1.789001
1.793524
1.789882
1.786240
1.787755
1.789269
1.795109
1.800949
1.796580
1.792211
1.786182
1.780153
1.787093
1.794033
1.804232
1.814431
1.812123
1.809814
1.798680
1.787546
1.782218
1.776890
1.776936
1.776981
1.774586
1.772191
1.770867
1.769543
1.765529
1.761515
1.757208
1.752901
1.756234
1.759566
1.766583
1.773600
1.784852
1.796105
1.801767
1.807430
1.805352
1.803274
1.805721
1.808169
1.805925
1.803682
1.795171
1.786659
1.785525
1.784392
1.788631
1.792869
1.794636
1.796404
1.794118
1.791833
1.787604
1.783375
1.780530
1.777684
1.781157
1.784630
1.794049
1.803469
1.804129
1.804788
1.798029
1.791270
1.794750
1.798231
1.807348
1.816464
1.820893
1.825322
1.827255
1.829187
1.832127
1.835068
1.833603
1.832139
1.827675
1.823211
1.825055
1.826899
1.828464
1.830028
1.827128
1.824228
1.829423
1.834618
1.842439
1.850259
1.850389
1.850520
1.855509
1.860498
1.869410
1.878323
1.876791
1.875260
1.873644
1.872029
1.875415
1.878801
1.876995
1.875189
1.875720
1.876251
1.878114
1.879977
1.885875
1.891773
1.902776
1.913780
1.914767
1.915755
1.914668
1.913581
1.919078
1.924575
1.931797
1.939019
1.938662
1.938304
1.935385
1.932466
1.939204
1.945941
1.952072
1.958203
1.960941
1.963679
1.966984
1.970289
1.970124
1.969958
1.968680
1.967402
1.973677
1.979953
1.987310
1.994667
1.997321
1.999976
2.010060
2.020145
2.027921
2.035697
2.030397
2.025098
2.025422
2.025745
2.039070
2.052394
2.062966
2.073539
2.077460
2.081381
2.083419
2.085458
2.081362
2.077266
2.075976
2.074687
2.084560
2.094433
2.105908
2.117383
2.119447
2.121511
2.119344
2.117178
2.124818
2.132458
2.140232
2.148006
2.150130
2.152253
2.153987
2.155720
2.151706
2.147692
2.148870
2.150048
2.161904
2.173761
2.182084
2.190406
2.185973
2.181540
2.173319
2.165098
2.168700
2.172303
2.178487
2.184671
2.181808
2.178946
2.173737
2.168529
2.170827
2.173126
2.181353
2.189579
2.187813
2.186046
2.172744
2.159441
2.150004
2.140567
2.137024
2.133482
2.132935
2.132389
2.132524
2.132658
2.129742
2.126825
2.117036
2.107246
2.095331
2.083417
2.074324
2.065232
2.050918
2.036604
2.025550
2.014496
2.006668
1.998841
1.987993
1.977146
1.967898
1.958649
1.944524
1.930399
1.916673
1.902947
1.888679
1.874412
1.853171
1.831929
1.815082
1.798236
1.784708
1.771179
1.751488
1.731796
1.707650
1.683505
1.664201
1.644898
1.629640
1.614382
1.592780
1.571178
1.547106
1.523034
1.502854
1.482674
1.462175
1.441675
1.419312
1.396948
1.377035
1.357121
1.339285
1.321449
1.302773
1.284097
1.263648
1.243198
1.220795
1.198393
1.178270
1.158148
1.140785
1.123421
1.101409
1.079397
1.053689
1.027982
1.007970
0.987959
0.971379
0.954798
0.935222
0.915646
0.897310
0.878975
0.864376
0.849777
0.833390
0.817004
0.798847
0.780689
0.765300
0.749910
0.736161
0.722413
0.707030
0.691647
0.674134
0.656621
0.640577
0.624533
0.610776
0.597019
0.584693
0.572367
0.563397
0.554427
0.542511
0.530594
0.517487
0.504381
0.494993
0.485605
0.473604
0.461602
0.450330
0.439058
0.430473
0.421888
0.412939
0.403990
0.395879
0.387768
0.378547
0.369325
0.359746
0.350167
0.343701
0.337235
0.331275
0.325315
0.318252
0.311188
0.304013
0.296837
0.289892
0.282947
0.277333
0.271719
0.265906
0.260094
0.254449
0.248805
0.244223
0.239642
0.234524
0.229406
0.223390
0.217375
0.212642
0.207909
0.205321
0.202732
0.199259
0.195785
0.191201
0.186618
0.182634
0.178650
0.175274
0.171899
0.168721
0.165544
0.162535
0.159526
0.156414
0.153302
0.150450
0.147598
0.145458
0.143319
0.140849
0.138379
0.135489
0.132598
0.130238
0.127877
0.125887
0.123897
0.122040
0.120184
0.118662
0.117140
0.115462
0.113785
0.112251
0.110716
0.109670
0.108623
0.106789
0.104956
0.103115
0.101274
0.100613
0.099952
0.099484
0.099016
0.098294
0.097571
0.096415
0.095258
0.094180
0.093102
0.091675
0.090249
0.088865
0.087481
0.087413
0.087344
0.087350
0.087356
0.087375
0.087394
0.087675
0.087955
0.087439
0.086923
0.085765
0.084607
0.083802
0.082997
0.072768
0.062539
