    0.10000E-03    0.27750E+03
    0.10202E-03    0.28288E+03
    0.10408E-03    0.28836E+03
    0.10618E-03    0.29394E+03
    0.10833E-03    0.29964E+03
    0.11052E-03    0.30544E+03
    0.11275E-03    0.31136E+03
    0.11503E-03    0.31739E+03
    0.11735E-03    0.32354E+03
    0.11972E-03    0.32981E+03
    0.12214E-03    0.33620E+03
    0.12461E-03    0.34271E+03
    0.12712E-03    0.34935E+03
    0.12969E-03    0.35611E+03
    0.13231E-03    0.36301E+03
    0.13499E-03    0.37004E+03
    0.13771E-03    0.37720E+03
    0.14049E-03    0.38451E+03
    0.14333E-03    0.39195E+03
    0.14623E-03    0.39954E+03
    0.14918E-03    0.40728E+03
    0.15220E-03    0.41516E+03
    0.15527E-03    0.42320E+03
    0.15841E-03    0.43140E+03
    0.16161E-03    0.43975E+03
    0.16487E-03    0.44826E+03
    0.16820E-03    0.45693E+03
    0.17160E-03    0.46578E+03
    0.17507E-03    0.47479E+03
    0.17860E-03    0.48398E+03
    0.18221E-03    0.49335E+03
    0.18589E-03    0.50289E+03
    0.18965E-03    0.51262E+03
    0.19348E-03    0.52254E+03
    0.19739E-03    0.53265E+03
    0.20138E-03    0.54295E+03
    0.20544E-03    0.55345E+03
    0.20959E-03    0.56415E+03
    0.21383E-03    0.57506E+03
    0.21815E-03    0.58618E+03
    0.22255E-03    0.59752E+03
    0.22705E-03    0.60907E+03
    0.23164E-03    0.62084E+03
    0.23632E-03    0.63284E+03
    0.24109E-03    0.64507E+03
    0.24596E-03    0.65753E+03
    0.25093E-03    0.67024E+03
    0.25600E-03    0.68318E+03
    0.26117E-03    0.69638E+03
    0.26645E-03    0.70983E+03
    0.27183E-03    0.72353E+03
    0.27732E-03    0.73750E+03
    0.28292E-03    0.75174E+03
    0.28864E-03    0.76624E+03
    0.29447E-03    0.78103E+03
    0.30042E-03    0.79610E+03
    0.30649E-03    0.81145E+03
    0.31268E-03    0.82710E+03
    0.31899E-03    0.84305E+03
    0.32544E-03    0.85930E+03
    0.33201E-03    0.87587E+03
    0.33872E-03    0.89274E+03
    0.34556E-03    0.90994E+03
    0.35254E-03    0.92747E+03
    0.35966E-03    0.94533E+03
    0.36693E-03    0.96353E+03
    0.37434E-03    0.98207E+03
    0.38190E-03    0.10010E+04
    0.38962E-03    0.10202E+04
    0.39749E-03    0.10398E+04
    0.40552E-03    0.10598E+04
    0.41371E-03    0.10802E+04
    0.42207E-03    0.11009E+04
    0.43060E-03    0.11221E+04
    0.43929E-03    0.11436E+04
    0.44817E-03    0.11656E+04
    0.45722E-03    0.11879E+04
    0.46646E-03    0.12107E+04
    0.47588E-03    0.12339E+04
    0.48550E-03    0.12575E+04
    0.49530E-03    0.12816E+04
    0.50531E-03    0.13061E+04
    0.51552E-03    0.13311E+04
    0.52593E-03    0.13566E+04
    0.53656E-03    0.13825E+04
    0.54739E-03    0.14089E+04
    0.55845E-03    0.14358E+04
    0.56973E-03    0.14632E+04
    0.58124E-03    0.14911E+04
    0.59299E-03    0.15196E+04
    0.60496E-03    0.15485E+04
    0.61719E-03    0.15780E+04
    0.62965E-03    0.16080E+04
    0.64237E-03    0.16386E+04
    0.65535E-03    0.16697E+04
    0.66859E-03    0.17014E+04
    0.68210E-03    0.17337E+04
    0.69588E-03    0.17666E+04
    0.70993E-03    0.18000E+04
    0.72427E-03    0.18341E+04
    0.73891E-03    0.18688E+04
    0.75383E-03    0.19041E+04
    0.76906E-03    0.19401E+04
    0.78460E-03    0.19767E+04
    0.80045E-03    0.20140E+04
    0.81662E-03    0.20519E+04
    0.83311E-03    0.20905E+04
    0.84994E-03    0.21298E+04
    0.86711E-03    0.21698E+04
    0.88463E-03    0.22105E+04
    0.90250E-03    0.22519E+04
    0.92073E-03    0.22941E+04
    0.93933E-03    0.23370E+04
    0.95831E-03    0.23807E+04
    0.97767E-03    0.24251E+04
    0.99742E-03    0.24703E+04
    0.10176E-02    0.25163E+04
    0.10381E-02    0.25630E+04
    0.10591E-02    0.26106E+04
    0.10805E-02    0.26590E+04
    0.11023E-02    0.27082E+04
    0.11246E-02    0.27583E+04
    0.11473E-02    0.28092E+04
    0.11705E-02    0.28610E+04
    0.11941E-02    0.29137E+04
    0.12182E-02    0.29672E+04
    0.12429E-02    0.30216E+04
    0.12680E-02    0.30770E+04
    0.12936E-02    0.31332E+04
    0.13197E-02    0.31904E+04
    0.13464E-02    0.32486E+04
    0.13736E-02    0.33076E+04
    0.14013E-02    0.33677E+04
    0.14296E-02    0.34287E+04
    0.14585E-02    0.34907E+04
    0.14880E-02    0.35538E+04
    0.15180E-02    0.36178E+04
    0.15487E-02    0.36828E+04
    0.15800E-02    0.37488E+04
    0.16119E-02    0.38159E+04
    0.16445E-02    0.38841E+04
    0.16777E-02    0.39533E+04
    0.17116E-02    0.40235E+04
    0.17462E-02    0.40948E+04
    0.17814E-02    0.41672E+04
    0.18174E-02    0.42407E+04
    0.18541E-02    0.43153E+04
    0.18916E-02    0.43910E+04
    0.19298E-02    0.44678E+04
    0.19688E-02    0.45457E+04
    0.20086E-02    0.46248E+04
    0.20491E-02    0.47050E+04
    0.20905E-02    0.47863E+04
    0.21328E-02    0.48688E+04
    0.21758E-02    0.49524E+04
    0.22198E-02    0.50372E+04
    0.22646E-02    0.51232E+04
    0.23104E-02    0.52103E+04
    0.23571E-02    0.52986E+04
    0.24047E-02    0.53880E+04
    0.24533E-02    0.54787E+04
    0.25028E-02    0.55705E+04
    0.25534E-02    0.56635E+04
    0.26050E-02    0.57577E+04
    0.26576E-02    0.58530E+04
    0.27113E-02    0.59495E+04
    0.27660E-02    0.60471E+04
    0.28219E-02    0.61459E+04
    0.28789E-02    0.62458E+04
    0.29371E-02    0.63469E+04
    0.29964E-02    0.64491E+04
    0.30569E-02    0.65524E+04
    0.31187E-02    0.66568E+04
    0.31817E-02    0.67623E+04
    0.32460E-02    0.68689E+04
    0.33115E-02    0.69766E+04
    0.33784E-02    0.70853E+04
    0.34467E-02    0.71951E+04
    0.35163E-02    0.73058E+04
    0.35874E-02    0.74176E+04
    0.36598E-02    0.75304E+04
    0.37338E-02    0.76441E+04
    0.38092E-02    0.77588E+04
    0.38861E-02    0.78744E+04
    0.39646E-02    0.79910E+04
    0.40447E-02    0.81085E+04
    0.41264E-02    0.82270E+04
    0.42098E-02    0.83464E+04
    0.42948E-02    0.84669E+04
    0.43816E-02    0.85884E+04
    0.44701E-02    0.87106E+04
    0.45604E-02    0.88335E+04
    0.46525E-02    0.89566E+04
    0.47465E-02    0.90799E+04
    0.48424E-02    0.92030E+04
    0.49402E-02    0.93256E+04
    0.50400E-02    0.94479E+04
    0.51419E-02    0.95700E+04
    0.52457E-02    0.96923E+04
    0.53517E-02    0.98149E+04
    0.54598E-02    0.99383E+04
    0.55701E-02    0.10063E+05
    0.56826E-02    0.10188E+05
    0.57974E-02    0.10314E+05
    0.59145E-02    0.10441E+05
    0.60340E-02    0.10568E+05
    0.61559E-02    0.10695E+05
    0.62803E-02    0.10821E+05
    0.64072E-02    0.10947E+05
    0.65366E-02    0.11073E+05
    0.66686E-02    0.11198E+05
    0.68033E-02    0.11322E+05
    0.69408E-02    0.11446E+05
    0.70810E-02    0.11569E+05
    0.72240E-02    0.11691E+05
    0.73700E-02    0.11812E+05
    0.75189E-02    0.11933E+05
    0.76708E-02    0.12052E+05
    0.78257E-02    0.12171E+05
    0.79838E-02    0.12287E+05
    0.81451E-02    0.12403E+05
    0.83096E-02    0.12517E+05
    0.84775E-02    0.12629E+05
    0.86488E-02    0.12740E+05
    0.88235E-02    0.12849E+05
    0.90017E-02    0.12955E+05
    0.91836E-02    0.13060E+05
    0.93691E-02    0.13162E+05
    0.95583E-02    0.13262E+05
    0.97514E-02    0.13359E+05
    0.99484E-02    0.13454E+05
    0.10149E-01    0.13546E+05
    0.10354E-01    0.13634E+05
    0.10564E-01    0.13720E+05
    0.10777E-01    0.13803E+05
    0.10995E-01    0.13882E+05
    0.11217E-01    0.13957E+05
    0.11443E-01    0.14029E+05
    0.11675E-01    0.14097E+05
    0.11910E-01    0.14160E+05
    0.12151E-01    0.14220E+05
    0.12397E-01    0.14275E+05
    0.12647E-01    0.14326E+05
    0.12902E-01    0.14372E+05
    0.13163E-01    0.14413E+05
    0.13429E-01    0.14449E+05
    0.13700E-01    0.14480E+05
    0.13977E-01    0.14506E+05
    0.14259E-01    0.14526E+05
    0.14547E-01    0.14541E+05
    0.14841E-01    0.14550E+05
    0.15141E-01    0.14553E+05
    0.15447E-01    0.14550E+05
    0.15759E-01    0.14540E+05
    0.16077E-01    0.14525E+05
    0.16402E-01    0.14503E+05
    0.16734E-01    0.14474E+05
    0.17072E-01    0.14439E+05
    0.17416E-01    0.14397E+05
    0.17768E-01    0.14348E+05
    0.18127E-01    0.14292E+05
    0.18493E-01    0.14230E+05
    0.18867E-01    0.14160E+05
    0.19248E-01    0.14084E+05
    0.19637E-01    0.14000E+05
    0.20034E-01    0.13910E+05
    0.20438E-01    0.13812E+05
    0.20851E-01    0.13708E+05
    0.21272E-01    0.13596E+05
    0.21702E-01    0.13478E+05
    0.22141E-01    0.13353E+05
    0.22588E-01    0.13221E+05
    0.23044E-01    0.13083E+05
    0.23510E-01    0.12939E+05
    0.23985E-01    0.12790E+05
    0.24469E-01    0.12635E+05
    0.24964E-01    0.12474E+05
    0.25468E-01    0.12310E+05
    0.25982E-01    0.12140E+05
    0.26507E-01    0.11965E+05
    0.27043E-01    0.11785E+05
    0.27589E-01    0.11600E+05
    0.28146E-01    0.11411E+05
    0.28715E-01    0.11217E+05
    0.29295E-01    0.11020E+05
    0.29887E-01    0.10824E+05
    0.30490E-01    0.10628E+05
    0.31106E-01    0.10435E+05
    0.31735E-01    0.10247E+05
    0.32376E-01    0.10064E+05
    0.33030E-01    0.98853E+04
    0.33697E-01    0.97097E+04
    0.34378E-01    0.95357E+04
    0.35072E-01    0.93622E+04
    0.35781E-01    0.91881E+04
    0.36504E-01    0.90124E+04
    0.37241E-01    0.88356E+04
    0.37993E-01    0.86585E+04
    0.38761E-01    0.84822E+04
    0.39544E-01    0.83073E+04
    0.40343E-01    0.81348E+04
    0.41158E-01    0.79653E+04
    0.41989E-01    0.77999E+04
    0.42838E-01    0.76401E+04
    0.43703E-01    0.74871E+04
    0.44586E-01    0.73423E+04
    0.45486E-01    0.72067E+04
    0.46405E-01    0.70814E+04
    0.47343E-01    0.69665E+04
    0.48299E-01    0.68605E+04
    0.49275E-01    0.67618E+04
    0.50270E-01    0.66691E+04
    0.51286E-01    0.65808E+04
    0.52322E-01    0.64957E+04
    0.53379E-01    0.64126E+04
    0.54457E-01    0.63305E+04
    0.55557E-01    0.62486E+04
    0.56680E-01    0.61662E+04
    0.57825E-01    0.60824E+04
    0.58993E-01    0.59966E+04
    0.60184E-01    0.59082E+04
    0.61400E-01    0.58168E+04
    0.62641E-01    0.57220E+04
    0.63906E-01    0.56238E+04
    0.65197E-01    0.55219E+04
    0.66514E-01    0.54162E+04
    0.67858E-01    0.53065E+04
    0.69229E-01    0.51920E+04
    0.70627E-01    0.50723E+04
    0.72054E-01    0.49469E+04
    0.73510E-01    0.48155E+04
    0.74994E-01    0.46782E+04
    0.76509E-01    0.45360E+04
    0.78055E-01    0.43900E+04
    0.79632E-01    0.42412E+04
    0.81241E-01    0.40907E+04
    0.82882E-01    0.39404E+04
    0.84556E-01    0.37923E+04
    0.86264E-01    0.36484E+04
    0.88007E-01    0.35102E+04
    0.89785E-01    0.33793E+04
    0.91598E-01    0.32568E+04
    0.93449E-01    0.31439E+04
    0.95337E-01    0.30413E+04
    0.97263E-01    0.29490E+04
    0.99227E-01    0.28665E+04
    0.10123E+00    0.27933E+04
    0.10328E+00    0.27288E+04
    0.10536E+00    0.26720E+04
    0.10749E+00    0.26216E+04
    0.10966E+00    0.25767E+04
    0.11188E+00    0.25354E+04
    0.11414E+00    0.24956E+04
    0.11644E+00    0.24553E+04
    0.11880E+00    0.24126E+04
    0.12120E+00    0.23655E+04
    0.12365E+00    0.23126E+04
    0.12614E+00    0.22532E+04
    0.12869E+00    0.21876E+04
    0.13129E+00    0.21161E+04
    0.13394E+00    0.20400E+04
    0.13665E+00    0.19608E+04
    0.13941E+00    0.18801E+04
    0.14223E+00    0.18002E+04
    0.14510E+00    0.17231E+04
    0.14803E+00    0.16507E+04
    0.15102E+00    0.15850E+04
    0.15407E+00    0.15271E+04
    0.15718E+00    0.14773E+04
    0.16036E+00    0.14355E+04
    0.16360E+00    0.14007E+04
    0.16690E+00    0.13713E+04
    0.17028E+00    0.13451E+04
    0.17371E+00    0.13202E+04
    0.17722E+00    0.12943E+04
    0.18080E+00    0.12656E+04
    0.18446E+00    0.12333E+04
    0.18818E+00    0.11966E+04
    0.19198E+00    0.11560E+04
    0.19586E+00    0.11124E+04
    0.19982E+00    0.10678E+04
    0.20386E+00    0.10240E+04
    0.20797E+00    0.98302E+03
    0.21218E+00    0.94613E+03
    0.21646E+00    0.91396E+03
    0.22083E+00    0.88696E+03
    0.22530E+00    0.86412E+03
    0.22985E+00    0.84387E+03
    0.23449E+00    0.82476E+03
    0.23923E+00    0.80540E+03
    0.24406E+00    0.78452E+03
    0.24899E+00    0.76122E+03
    0.25402E+00    0.73607E+03
    0.25915E+00    0.71008E+03
    0.26439E+00    0.68424E+03
    0.26973E+00    0.65967E+03
    0.27518E+00    0.63741E+03
    0.28074E+00    0.61809E+03
    0.28641E+00    0.60106E+03
    0.29219E+00    0.58543E+03
    0.29810E+00    0.57041E+03
    0.30412E+00    0.55530E+03
    0.31026E+00    0.53948E+03
    0.31653E+00    0.52273E+03
    0.32292E+00    0.50580E+03
    0.32945E+00    0.48951E+03
    0.33610E+00    0.47441E+03
    0.34289E+00    0.46047E+03
    0.34982E+00    0.44764E+03
    0.35689E+00    0.43568E+03
    0.36409E+00    0.42409E+03
    0.37145E+00    0.41239E+03
    0.37895E+00    0.40042E+03
    0.38661E+00    0.38859E+03
    0.39442E+00    0.37731E+03
    0.40239E+00    0.36672E+03
    0.41052E+00    0.35669E+03
    0.41881E+00    0.34705E+03
    0.42727E+00    0.33770E+03
    0.43590E+00    0.32864E+03
    0.44471E+00    0.31986E+03
    0.45369E+00    0.31135E+03
    0.46286E+00    0.30310E+03
    0.47221E+00    0.29511E+03
    0.48174E+00    0.28736E+03
    0.49148E+00    0.27986E+03
    0.50141E+00    0.27260E+03
    0.51153E+00    0.26556E+03
    0.52187E+00    0.25874E+03
    0.53241E+00    0.25214E+03
    0.54317E+00    0.24575E+03
    0.55414E+00    0.23957E+03
    0.56533E+00    0.23358E+03
    0.57675E+00    0.22778E+03
    0.58840E+00    0.22217E+03
    0.60029E+00    0.21674E+03
    0.61242E+00    0.21148E+03
    0.62479E+00    0.20638E+03
    0.63741E+00    0.20144E+03
    0.65029E+00    0.19665E+03
    0.66342E+00    0.19201E+03
    0.67683E+00    0.18750E+03
    0.69050E+00    0.18312E+03
    0.70445E+00    0.17886E+03
    0.71868E+00    0.17473E+03
    0.73320E+00    0.17071E+03
    0.74801E+00    0.16680E+03
    0.76312E+00    0.16300E+03
    0.77854E+00    0.15930E+03
    0.79426E+00    0.15569E+03
    0.81031E+00    0.15218E+03
    0.82668E+00    0.14876E+03
    0.84338E+00    0.14543E+03
    0.86041E+00    0.14218E+03
    0.87780E+00    0.13901E+03
    0.89553E+00    0.13591E+03
    0.91362E+00    0.13289E+03
    0.93208E+00    0.12994E+03
    0.95091E+00    0.12707E+03
    0.97011E+00    0.12425E+03
    0.98971E+00    0.12151E+03
    0.10097E+01    0.11882E+03
    0.10301E+01    0.11619E+03
    0.10509E+01    0.11362E+03
    0.10721E+01    0.11111E+03
    0.10938E+01    0.10865E+03
    0.11159E+01    0.10625E+03
    0.11384E+01    0.10389E+03
    0.11614E+01    0.10159E+03
    0.11849E+01    0.99327E+02
    0.12088E+01    0.97112E+02
    0.12333E+01    0.94938E+02
    0.12582E+01    0.92805E+02
    0.12836E+01    0.90711E+02
    0.13095E+01    0.88653E+02
    0.13360E+01    0.86631E+02
    0.13630E+01    0.84643E+02
    0.13905E+01    0.82687E+02
    0.14186E+01    0.80762E+02
    0.14472E+01    0.78868E+02
    0.14765E+01    0.77003E+02
    0.15063E+01    0.75165E+02
    0.15367E+01    0.73355E+02
    0.15678E+01    0.71571E+02
    0.15994E+01    0.69813E+02
    0.16318E+01    0.68081E+02
    0.16647E+01    0.66377E+02
    0.16984E+01    0.64701E+02
    0.17327E+01    0.63055E+02
    0.17677E+01    0.61440E+02
    0.18034E+01    0.59855E+02
    0.18398E+01    0.58303E+02
    0.18770E+01    0.56783E+02
    0.19149E+01    0.55296E+02
    0.19536E+01    0.53841E+02
    0.19930E+01    0.52421E+02
    0.20333E+01    0.51034E+02
    0.20744E+01    0.49680E+02
    0.21163E+01    0.48360E+02
    0.21590E+01    0.47074E+02
