    0.10000E-03    0.67752E+03
    0.10202E-03    0.69057E+03
    0.10408E-03    0.70387E+03
    0.10618E-03    0.71743E+03
    0.10833E-03    0.73125E+03
    0.11052E-03    0.74533E+03
    0.11275E-03    0.75969E+03
    0.11503E-03    0.77432E+03
    0.11735E-03    0.78923E+03
    0.11972E-03    0.80443E+03
    0.12214E-03    0.81991E+03
    0.12461E-03    0.83570E+03
    0.12712E-03    0.85179E+03
    0.12969E-03    0.86819E+03
    0.13231E-03    0.88491E+03
    0.13499E-03    0.90194E+03
    0.13771E-03    0.91930E+03
    0.14049E-03    0.93700E+03
    0.14333E-03    0.95503E+03
    0.14623E-03    0.97342E+03
    0.14918E-03    0.99215E+03
    0.15220E-03    0.10112E+04
    0.15527E-03    0.10307E+04
    0.15841E-03    0.10505E+04
    0.16161E-03    0.10707E+04
    0.16487E-03    0.10913E+04
    0.16820E-03    0.11123E+04
    0.17160E-03    0.11337E+04
    0.17507E-03    0.11555E+04
    0.17860E-03    0.11778E+04
    0.18221E-03    0.12004E+04
    0.18589E-03    0.12235E+04
    0.18965E-03    0.12470E+04
    0.19348E-03    0.12710E+04
    0.19739E-03    0.12954E+04
    0.20138E-03    0.13203E+04
    0.20544E-03    0.13457E+04
    0.20959E-03    0.13716E+04
    0.21383E-03    0.13979E+04
    0.21815E-03    0.14248E+04
    0.22255E-03    0.14521E+04
    0.22705E-03    0.14800E+04
    0.23164E-03    0.15084E+04
    0.23632E-03    0.15374E+04
    0.24109E-03    0.15669E+04
    0.24596E-03    0.15970E+04
    0.25093E-03    0.16276E+04
    0.25600E-03    0.16589E+04
    0.26117E-03    0.16907E+04
    0.26645E-03    0.17231E+04
    0.27183E-03    0.17562E+04
    0.27732E-03    0.17898E+04
    0.28292E-03    0.18242E+04
    0.28864E-03    0.18591E+04
    0.29447E-03    0.18947E+04
    0.30042E-03    0.19310E+04
    0.30649E-03    0.19680E+04
    0.31268E-03    0.20057E+04
    0.31899E-03    0.20441E+04
    0.32544E-03    0.20832E+04
    0.33201E-03    0.21231E+04
    0.33872E-03    0.21637E+04
    0.34556E-03    0.22050E+04
    0.35254E-03    0.22472E+04
    0.35966E-03    0.22901E+04
    0.36693E-03    0.23339E+04
    0.37434E-03    0.23784E+04
    0.38190E-03    0.24238E+04
    0.38962E-03    0.24701E+04
    0.39749E-03    0.25172E+04
    0.40552E-03    0.25652E+04
    0.41371E-03    0.26141E+04
    0.42207E-03    0.26639E+04
    0.43060E-03    0.27146E+04
    0.43929E-03    0.27663E+04
    0.44817E-03    0.28189E+04
    0.45722E-03    0.28725E+04
    0.46646E-03    0.29271E+04
    0.47588E-03    0.29827E+04
    0.48550E-03    0.30393E+04
    0.49530E-03    0.30970E+04
    0.50531E-03    0.31558E+04
    0.51552E-03    0.32156E+04
    0.52593E-03    0.32765E+04
    0.53656E-03    0.33385E+04
    0.54739E-03    0.34017E+04
    0.55845E-03    0.34660E+04
    0.56973E-03    0.35316E+04
    0.58124E-03    0.35982E+04
    0.59299E-03    0.36661E+04
    0.60496E-03    0.37353E+04
    0.61719E-03    0.38057E+04
    0.62965E-03    0.38773E+04
    0.64237E-03    0.39503E+04
    0.65535E-03    0.40245E+04
    0.66859E-03    0.41001E+04
    0.68210E-03    0.41771E+04
    0.69588E-03    0.42554E+04
    0.70993E-03    0.43352E+04
    0.72427E-03    0.44163E+04
    0.73891E-03    0.44989E+04
    0.75383E-03    0.45829E+04
    0.76906E-03    0.46685E+04
    0.78460E-03    0.47555E+04
    0.80045E-03    0.48441E+04
    0.81662E-03    0.49342E+04
    0.83311E-03    0.50259E+04
    0.84994E-03    0.51192E+04
    0.86711E-03    0.52141E+04
    0.88463E-03    0.53107E+04
    0.90250E-03    0.54089E+04
    0.92073E-03    0.55089E+04
    0.93933E-03    0.56105E+04
    0.95831E-03    0.57139E+04
    0.97767E-03    0.58190E+04
    0.99742E-03    0.59259E+04
    0.10176E-02    0.60346E+04
    0.10381E-02    0.61452E+04
    0.10591E-02    0.62576E+04
    0.10805E-02    0.63719E+04
    0.11023E-02    0.64881E+04
    0.11246E-02    0.66062E+04
    0.11473E-02    0.67263E+04
    0.11705E-02    0.68483E+04
    0.11941E-02    0.69723E+04
    0.12182E-02    0.70984E+04
    0.12429E-02    0.72264E+04
    0.12680E-02    0.73566E+04
    0.12936E-02    0.74888E+04
    0.13197E-02    0.76231E+04
    0.13464E-02    0.77596E+04
    0.13736E-02    0.78982E+04
    0.14013E-02    0.80389E+04
    0.14296E-02    0.81819E+04
    0.14585E-02    0.83270E+04
    0.14880E-02    0.84744E+04
    0.15180E-02    0.86240E+04
    0.15487E-02    0.87759E+04
    0.15800E-02    0.89301E+04
    0.16119E-02    0.90866E+04
    0.16445E-02    0.92454E+04
    0.16777E-02    0.94065E+04
    0.17116E-02    0.95699E+04
    0.17462E-02    0.97358E+04
    0.17814E-02    0.99039E+04
    0.18174E-02    0.10075E+05
    0.18541E-02    0.10247E+05
    0.18916E-02    0.10423E+05
    0.19298E-02    0.10601E+05
    0.19688E-02    0.10781E+05
    0.20086E-02    0.10964E+05
    0.20491E-02    0.11149E+05
    0.20905E-02    0.11336E+05
    0.21328E-02    0.11526E+05
    0.21758E-02    0.11719E+05
    0.22198E-02    0.11914E+05
    0.22646E-02    0.12111E+05
    0.23104E-02    0.12311E+05
    0.23571E-02    0.12513E+05
    0.24047E-02    0.12718E+05
    0.24533E-02    0.12925E+05
    0.25028E-02    0.13134E+05
    0.25534E-02    0.13346E+05
    0.26050E-02    0.13560E+05
    0.26576E-02    0.13777E+05
    0.27113E-02    0.13996E+05
    0.27660E-02    0.14218E+05
    0.28219E-02    0.14441E+05
    0.28789E-02    0.14667E+05
    0.29371E-02    0.14896E+05
    0.29964E-02    0.15126E+05
    0.30569E-02    0.15359E+05
    0.31187E-02    0.15594E+05
    0.31817E-02    0.15831E+05
    0.32460E-02    0.16070E+05
    0.33115E-02    0.16311E+05
    0.33784E-02    0.16555E+05
    0.34467E-02    0.16800E+05
    0.35163E-02    0.17047E+05
    0.35874E-02    0.17296E+05
    0.36598E-02    0.17547E+05
    0.37338E-02    0.17799E+05
    0.38092E-02    0.18053E+05
    0.38861E-02    0.18309E+05
    0.39646E-02    0.18566E+05
    0.40447E-02    0.18825E+05
    0.41264E-02    0.19085E+05
    0.42098E-02    0.19346E+05
    0.42948E-02    0.19609E+05
    0.43816E-02    0.19873E+05
    0.44701E-02    0.20137E+05
    0.45604E-02    0.20403E+05
    0.46525E-02    0.20669E+05
    0.47465E-02    0.20936E+05
    0.48424E-02    0.21204E+05
    0.49402E-02    0.21472E+05
    0.50400E-02    0.21740E+05
    0.51419E-02    0.22009E+05
    0.52457E-02    0.22277E+05
    0.53517E-02    0.22546E+05
    0.54598E-02    0.22814E+05
    0.55701E-02    0.23082E+05
    0.56826E-02    0.23350E+05
    0.57974E-02    0.23617E+05
    0.59145E-02    0.23882E+05
    0.60340E-02    0.24147E+05
    0.61559E-02    0.24411E+05
    0.62803E-02    0.24673E+05
    0.64072E-02    0.24934E+05
    0.65366E-02    0.25193E+05
    0.66686E-02    0.25450E+05
    0.68033E-02    0.25705E+05
    0.69408E-02    0.25957E+05
    0.70810E-02    0.26207E+05
    0.72240E-02    0.26454E+05
    0.73700E-02    0.26698E+05
    0.75189E-02    0.26938E+05
    0.76708E-02    0.27175E+05
    0.78257E-02    0.27408E+05
    0.79838E-02    0.27638E+05
    0.81451E-02    0.27863E+05
    0.83096E-02    0.28083E+05
    0.84775E-02    0.28298E+05
    0.86488E-02    0.28509E+05
    0.88235E-02    0.28714E+05
    0.90017E-02    0.28913E+05
    0.91836E-02    0.29106E+05
    0.93691E-02    0.29293E+05
    0.95583E-02    0.29474E+05
    0.97514E-02    0.29647E+05
    0.99484E-02    0.29813E+05
    0.10149E-01    0.29972E+05
    0.10354E-01    0.30123E+05
    0.10564E-01    0.30266E+05
    0.10777E-01    0.30400E+05
    0.10995E-01    0.30526E+05
    0.11217E-01    0.30642E+05
    0.11443E-01    0.30748E+05
    0.11675E-01    0.30845E+05
    0.11910E-01    0.30932E+05
    0.12151E-01    0.31008E+05
    0.12397E-01    0.31074E+05
    0.12647E-01    0.31128E+05
    0.12902E-01    0.31170E+05
    0.13163E-01    0.31201E+05
    0.13429E-01    0.31220E+05
    0.13700E-01    0.31226E+05
    0.13977E-01    0.31220E+05
    0.14259E-01    0.31201E+05
    0.14547E-01    0.31168E+05
    0.14841E-01    0.31122E+05
    0.15141E-01    0.31062E+05
    0.15447E-01    0.30988E+05
    0.15759E-01    0.30899E+05
    0.16077E-01    0.30796E+05
    0.16402E-01    0.30679E+05
    0.16734E-01    0.30547E+05
    0.17072E-01    0.30400E+05
    0.17416E-01    0.30238E+05
    0.17768E-01    0.30061E+05
    0.18127E-01    0.29869E+05
    0.18493E-01    0.29662E+05
    0.18867E-01    0.29440E+05
    0.19248E-01    0.29203E+05
    0.19637E-01    0.28951E+05
    0.20034E-01    0.28685E+05
    0.20438E-01    0.28405E+05
    0.20851E-01    0.28110E+05
    0.21272E-01    0.27802E+05
    0.21702E-01    0.27480E+05
    0.22141E-01    0.27146E+05
    0.22588E-01    0.26799E+05
    0.23044E-01    0.26440E+05
    0.23510E-01    0.26070E+05
    0.23985E-01    0.25689E+05
    0.24469E-01    0.25299E+05
    0.24964E-01    0.24899E+05
    0.25468E-01    0.24492E+05
    0.25982E-01    0.24077E+05
    0.26507E-01    0.23655E+05
    0.27043E-01    0.23228E+05
    0.27589E-01    0.22795E+05
    0.28146E-01    0.22358E+05
    0.28715E-01    0.21917E+05
    0.29295E-01    0.21474E+05
    0.29887E-01    0.21029E+05
    0.30490E-01    0.20583E+05
    0.31106E-01    0.20138E+05
    0.31735E-01    0.19697E+05
    0.32376E-01    0.19260E+05
    0.33030E-01    0.18830E+05
    0.33697E-01    0.18408E+05
    0.34378E-01    0.17994E+05
    0.35072E-01    0.17590E+05
    0.35781E-01    0.17196E+05
    0.36504E-01    0.16813E+05
    0.37241E-01    0.16441E+05
    0.37993E-01    0.16082E+05
    0.38761E-01    0.15736E+05
    0.39544E-01    0.15403E+05
    0.40343E-01    0.15084E+05
    0.41158E-01    0.14778E+05
    0.41989E-01    0.14486E+05
    0.42838E-01    0.14208E+05
    0.43703E-01    0.13944E+05
    0.44586E-01    0.13694E+05
    0.45486E-01    0.13457E+05
    0.46405E-01    0.13233E+05
    0.47343E-01    0.13023E+05
    0.48299E-01    0.12824E+05
    0.49275E-01    0.12636E+05
    0.50270E-01    0.12458E+05
    0.51286E-01    0.12288E+05
    0.52322E-01    0.12124E+05
    0.53379E-01    0.11963E+05
    0.54457E-01    0.11805E+05
    0.55557E-01    0.11646E+05
    0.56680E-01    0.11484E+05
    0.57825E-01    0.11318E+05
    0.58993E-01    0.11145E+05
    0.60184E-01    0.10963E+05
    0.61400E-01    0.10772E+05
    0.62641E-01    0.10569E+05
    0.63906E-01    0.10354E+05
    0.65197E-01    0.10127E+05
    0.66514E-01    0.98879E+04
    0.67858E-01    0.96361E+04
    0.69229E-01    0.93720E+04
    0.70627E-01    0.90951E+04
    0.72054E-01    0.88052E+04
    0.73510E-01    0.85034E+04
    0.74994E-01    0.81942E+04
    0.76509E-01    0.78820E+04
    0.78055E-01    0.75709E+04
    0.79632E-01    0.72646E+04
    0.81241E-01    0.69663E+04
    0.82882E-01    0.66788E+04
    0.84556E-01    0.64048E+04
    0.86264E-01    0.61464E+04
    0.88007E-01    0.59056E+04
    0.89785E-01    0.56839E+04
    0.91598E-01    0.54827E+04
    0.93449E-01    0.53026E+04
    0.95337E-01    0.51440E+04
    0.97263E-01    0.50063E+04
    0.99227E-01    0.48878E+04
    0.10123E+00    0.47863E+04
    0.10328E+00    0.46978E+04
    0.10536E+00    0.46184E+04
    0.10749E+00    0.45439E+04
    0.10966E+00    0.44702E+04
    0.11188E+00    0.43936E+04
    0.11414E+00    0.43105E+04
    0.11644E+00    0.42180E+04
    0.11880E+00    0.41133E+04
    0.12120E+00    0.39949E+04
    0.12365E+00    0.38624E+04
    0.12614E+00    0.37170E+04
    0.12869E+00    0.35613E+04
    0.13129E+00    0.33993E+04
    0.13394E+00    0.32356E+04
    0.13665E+00    0.30756E+04
    0.13941E+00    0.29239E+04
    0.14223E+00    0.27845E+04
    0.14510E+00    0.26601E+04
    0.14803E+00    0.25524E+04
    0.15102E+00    0.24616E+04
    0.15407E+00    0.23864E+04
    0.15718E+00    0.23245E+04
    0.16036E+00    0.22727E+04
    0.16360E+00    0.22269E+04
    0.16690E+00    0.21823E+04
    0.17028E+00    0.21341E+04
    0.17371E+00    0.20790E+04
    0.17722E+00    0.20151E+04
    0.18080E+00    0.19420E+04
    0.18446E+00    0.18610E+04
    0.18818E+00    0.17745E+04
    0.19198E+00    0.16864E+04
    0.19586E+00    0.16015E+04
    0.19982E+00    0.15239E+04
    0.20386E+00    0.14557E+04
    0.20797E+00    0.13979E+04
    0.21218E+00    0.13499E+04
    0.21646E+00    0.13100E+04
    0.22083E+00    0.12748E+04
    0.22530E+00    0.12411E+04
    0.22985E+00    0.12053E+04
    0.23449E+00    0.11655E+04
    0.23923E+00    0.11210E+04
    0.24406E+00    0.10725E+04
    0.24899E+00    0.10224E+04
    0.25402E+00    0.97331E+03
    0.25915E+00    0.92821E+03
    0.26439E+00    0.88852E+03
    0.26973E+00    0.85441E+03
    0.27518E+00    0.82485E+03
    0.28074E+00    0.79795E+03
    0.28641E+00    0.77168E+03
    0.29219E+00    0.74414E+03
    0.29810E+00    0.71473E+03
    0.30412E+00    0.68384E+03
    0.31026E+00    0.65284E+03
    0.31653E+00    0.62346E+03
    0.32292E+00    0.59664E+03
    0.32945E+00    0.57277E+03
    0.33610E+00    0.55118E+03
    0.34289E+00    0.53079E+03
    0.34982E+00    0.51060E+03
    0.35689E+00    0.48989E+03
    0.36409E+00    0.46891E+03
    0.37145E+00    0.44830E+03
    0.37895E+00    0.42878E+03
    0.38661E+00    0.41090E+03
    0.39442E+00    0.39421E+03
    0.40239E+00    0.37815E+03
    0.41052E+00    0.36260E+03
    0.41881E+00    0.34755E+03
    0.42727E+00    0.33302E+03
    0.43590E+00    0.31900E+03
    0.44471E+00    0.30550E+03
    0.45369E+00    0.29249E+03
    0.46286E+00    0.27999E+03
    0.47221E+00    0.26798E+03
    0.48174E+00    0.25645E+03
    0.49148E+00    0.24540E+03
    0.50141E+00    0.23482E+03
    0.51153E+00    0.22468E+03
    0.52187E+00    0.21497E+03
    0.53241E+00    0.20567E+03
    0.54317E+00    0.19675E+03
    0.55414E+00    0.18821E+03
    0.56533E+00    0.18002E+03
    0.57675E+00    0.17218E+03
    0.58840E+00    0.16466E+03
    0.60029E+00    0.15746E+03
    0.61242E+00    0.15055E+03
    0.62479E+00    0.14393E+03
    0.63741E+00    0.13758E+03
    0.65029E+00    0.13150E+03
    0.66342E+00    0.12568E+03
    0.67683E+00    0.12010E+03
    0.69050E+00    0.11476E+03
    0.70445E+00    0.10964E+03
    0.71868E+00    0.10474E+03
    0.73320E+00    0.10005E+03
    0.74801E+00    0.95562E+02
    0.76312E+00    0.91267E+02
    0.77854E+00    0.87158E+02
    0.79426E+00    0.83227E+02
    0.81031E+00    0.79467E+02
    0.82668E+00    0.75870E+02
    0.84338E+00    0.72430E+02
    0.86041E+00    0.69140E+02
    0.87780E+00    0.65995E+02
    0.89553E+00    0.62987E+02
    0.91362E+00    0.60111E+02
    0.93208E+00    0.57362E+02
    0.95091E+00    0.54735E+02
    0.97011E+00    0.52223E+02
    0.98971E+00    0.49823E+02
    0.10097E+01    0.47529E+02
    0.10301E+01    0.45337E+02
    0.10509E+01    0.43243E+02
    0.10721E+01    0.41242E+02
    0.10938E+01    0.39332E+02
    0.11159E+01    0.37506E+02
    0.11384E+01    0.35763E+02
    0.11614E+01    0.34098E+02
    0.11849E+01    0.32509E+02
    0.12088E+01    0.30991E+02
    0.12333E+01    0.29542E+02
    0.12582E+01    0.28159E+02
    0.12836E+01    0.26839E+02
    0.13095E+01    0.25579E+02
    0.13360E+01    0.24376E+02
    0.13630E+01    0.23228E+02
    0.13905E+01    0.22133E+02
    0.14186E+01    0.21088E+02
    0.14472E+01    0.20091E+02
    0.14765E+01    0.19140E+02
    0.15063E+01    0.18233E+02
    0.15367E+01    0.17368E+02
    0.15678E+01    0.16542E+02
    0.15994E+01    0.15755E+02
    0.16318E+01    0.15004E+02
    0.16647E+01    0.14289E+02
    0.16984E+01    0.13606E+02
    0.17327E+01    0.12956E+02
    0.17677E+01    0.12335E+02
    0.18034E+01    0.11744E+02
    0.18398E+01    0.11180E+02
    0.18770E+01    0.10643E+02
    0.19149E+01    0.10131E+02
    0.19536E+01    0.96431E+01
    0.19930E+01    0.91782E+01
    0.20333E+01    0.87351E+01
    0.20744E+01    0.83129E+01
    0.21163E+01    0.79107E+01
    0.21590E+01    0.75276E+01
    0.22026E+01    0.71626E+01
    0.22471E+01    0.68149E+01
    0.22925E+01    0.64838E+01
    0.23388E+01    0.61684E+01
    0.23861E+01    0.58680E+01
    0.24343E+01    0.55820E+01
    0.24835E+01    0.53096E+01
    0.25336E+01    0.50502E+01
    0.25848E+01    0.48033E+01
    0.26370E+01    0.45682E+01
    0.26903E+01    0.43444E+01
    0.27447E+01    0.41314E+01
    0.28001E+01    0.39286E+01
    0.28567E+01    0.37355E+01
    0.29144E+01    0.35518E+01
    0.29733E+01    0.33770E+01
    0.30333E+01    0.32106E+01
    0.30946E+01    0.30522E+01
    0.31571E+01    0.29015E+01
    0.32209E+01    0.27582E+01
    0.32860E+01    0.26217E+01
    0.33523E+01    0.24920E+01
    0.34201E+01    0.23685E+01
    0.34892E+01    0.22511E+01
    0.35596E+01    0.21393E+01
    0.36316E+01    0.20331E+01
    0.37049E+01    0.19320E+01
    0.37798E+01    0.18358E+01
    0.38561E+01    0.17444E+01
    0.39340E+01    0.16575E+01
    0.40135E+01    0.15748E+01
    0.40946E+01    0.14962E+01
    0.41773E+01    0.14214E+01
    0.42617E+01    0.13503E+01
    0.43478E+01    0.12827E+01
    0.44356E+01    0.12185E+01
    0.45252E+01    0.11574E+01
    0.46166E+01    0.10993E+01
    0.47099E+01    0.10441E+01
    0.48050E+01    0.99169E+00
    0.49021E+01    0.94182E+00
    0.50011E+01    0.89443E+00
    0.51021E+01    0.84939E+00
    0.52052E+01    0.80658E+00
    0.53104E+01    0.76590E+00
    0.54176E+01    0.72725E+00
    0.55271E+01    0.69052E+00
    0.56387E+01    0.65562E+00
    0.57526E+01    0.62246E+00
    0.58689E+01    0.59096E+00
    0.59874E+01    0.56102E+00
    0.61084E+01    0.53259E+00
    0.62318E+01    0.50558E+00
    0.63577E+01    0.47992E+00
    0.64861E+01    0.45554E+00
    0.66171E+01    0.43239E+00
    0.67508E+01    0.41040E+00
    0.68872E+01    0.38952E+00
    0.70263E+01    0.36968E+00
    0.71682E+01    0.35084E+00
    0.73130E+01    0.33295E+00
    0.74608E+01    0.31597E+00
    0.76115E+01    0.29983E+00
    0.77653E+01    0.28452E+00
    0.79221E+01    0.26997E+00
    0.80822E+01    0.25616E+00
    0.82454E+01    0.24305E+00
    0.84120E+01    0.23060E+00
    0.85819E+01    0.21879E+00
    0.87553E+01    0.20757E+00
    0.89322E+01    0.19692E+00
    0.91126E+01    0.18681E+00
    0.92967E+01    0.17721E+00
    0.94845E+01    0.16810E+00
    0.96761E+01    0.15946E+00
    0.98716E+01    0.15125E+00
    0.10071E+02    0.14346E+00
    0.10274E+02    0.13607E+00
    0.10482E+02    0.12906E+00
    0.10694E+02    0.12240E+00
    0.10910E+02    0.11609E+00
    0.11130E+02    0.11009E+00
    0.11355E+02    0.10440E+00
    0.11584E+02    0.99008E-01
    0.11818E+02    0.93887E-01
    0.12057E+02    0.89029E-01
    0.12301E+02    0.84419E-01
    0.12549E+02    0.80046E-01
    0.12803E+02    0.75898E-01
    0.13061E+02    0.71962E-01
    0.13325E+02    0.68228E-01
    0.13594E+02    0.64686E-01
    0.13869E+02    0.61327E-01
    0.14149E+02    0.58140E-01
    0.14435E+02    0.55117E-01
    0.14727E+02    0.52250E-01
    0.15024E+02    0.49531E-01
    0.15328E+02    0.46952E-01
    0.15637E+02    0.44506E-01
    0.15953E+02    0.42186E-01
    0.16275E+02    0.39986E-01
    0.16604E+02    0.37900E-01
    0.16940E+02    0.35922E-01
    0.17282E+02    0.34046E-01
    0.17631E+02    0.32267E-01
    0.17987E+02    0.30580E-01
    0.18351E+02    0.28981E-01
    0.18721E+02    0.27465E-01
    0.19099E+02    0.26027E-01
    0.19485E+02    0.24664E-01
    0.19879E+02    0.23371E-01
    0.20280E+02    0.22146E-01
    0.20690E+02    0.20985E-01
    0.21108E+02    0.19884E-01
    0.21535E+02    0.18840E-01
    0.21970E+02    0.17850E-01
    0.22413E+02    0.16913E-01
    0.22866E+02    0.16024E-01
    0.23328E+02    0.15181E-01
    0.23799E+02    0.14382E-01
    0.24280E+02    0.13625E-01
    0.24771E+02    0.12908E-01
    0.25271E+02    0.12228E-01
    0.25782E+02    0.11583E-01
    0.26302E+02    0.10972E-01
    0.26834E+02    0.10393E-01
    0.27376E+02    0.98449E-02
    0.27929E+02    0.93251E-02
    0.28493E+02    0.88325E-02
    0.29069E+02    0.83657E-02
    0.29656E+02    0.79234E-02
    0.30255E+02    0.75043E-02
    0.30866E+02    0.71072E-02
    0.31490E+02    0.67310E-02
    0.32126E+02    0.63745E-02
    0.32775E+02    0.60367E-02
    0.33437E+02    0.57167E-02
    0.34112E+02    0.54135E-02
    0.34801E+02    0.51263E-02
    0.35504E+02    0.48542E-02
    0.36222E+02    0.45964E-02
    0.36953E+02    0.43522E-02
    0.37700E+02    0.41209E-02
    0.38462E+02    0.39018E-02
    0.39239E+02    0.36942E-02
    0.40031E+02    0.34976E-02
    0.40840E+02    0.33114E-02
    0.41665E+02    0.31350E-02
    0.42507E+02    0.29679E-02
    0.43365E+02    0.28097E-02
    0.44241E+02    0.26598E-02
    0.45135E+02    0.25179E-02
    0.46047E+02    0.23835E-02
    0.46977E+02    0.22561E-02
    0.47926E+02    0.21356E-02
    0.48894E+02    0.20214E-02
    0.49882E+02    0.19133E-02
    0.50890E+02    0.18109E-02
    0.51918E+02    0.17139E-02
    0.52966E+02    0.16221E-02
    0.54036E+02    0.15352E-02
    0.55128E+02    0.14529E-02
    0.56242E+02    0.13750E-02
    0.57378E+02    0.13012E-02
    0.58537E+02    0.12313E-02
    0.59720E+02    0.11651E-02
    0.60926E+02    0.11025E-02
    0.62157E+02    0.10432E-02
    0.63412E+02    0.98708E-03
    0.64693E+02    0.93393E-03
    0.66000E+02    0.88363E-03
    0.67334E+02    0.83600E-03
    0.68694E+02    0.79092E-03
    0.70082E+02    0.74824E-03
    0.71497E+02    0.70785E-03
    0.72942E+02    0.66961E-03
    0.74415E+02    0.63341E-03
    0.75918E+02    0.59915E-03
    0.77452E+02    0.56673E-03
    0.79017E+02    0.53604E-03
    0.80613E+02    0.50699E-03
    0.82241E+02    0.47950E-03
    0.83903E+02    0.45348E-03
    0.85598E+02    0.42886E-03
    0.87327E+02    0.40556E-03
    0.89091E+02    0.38351E-03
    0.90891E+02    0.36264E-03
    0.92727E+02    0.34290E-03
    0.94600E+02    0.32421E-03
    0.96511E+02    0.30653E-03
    0.98461E+02    0.28980E-03
    0.10045E+03    0.27397E-03
    0.10248E+03    0.25900E-03
    0.10455E+03    0.24483E-03
    0.10666E+03    0.23142E-03
    0.10882E+03    0.21874E-03
    0.11101E+03    0.20674E-03
    0.11326E+03    0.19539E-03
    0.11554E+03    0.18465E-03
    0.11788E+03    0.17450E-03
    0.12026E+03    0.16489E-03
    0.12269E+03    0.15580E-03
    0.12517E+03    0.14720E-03
    0.12770E+03    0.13907E-03
    0.13028E+03    0.13138E-03
    0.13291E+03    0.12411E-03
    0.13559E+03    0.11723E-03
    0.13833E+03    0.11073E-03
    0.14113E+03    0.10458E-03
    0.14398E+03    0.98759E-04
    0.14689E+03    0.93259E-04
    0.14985E+03    0.88059E-04
    0.15288E+03    0.83141E-04
    0.15597E+03    0.78492E-04
    0.15912E+03    0.74097E-04
    0.16233E+03    0.69942E-04
    0.16561E+03    0.66014E-04
    0.16896E+03    0.62301E-04
    0.17237E+03    0.58792E-04
    0.17585E+03    0.55474E-04
    0.17941E+03    0.52339E-04
    0.18303E+03    0.49376E-04
    0.18673E+03    0.46576E-04
    0.19050E+03    0.43930E-04
    0.19435E+03    0.41430E-04
    0.19828E+03    0.39068E-04
    0.20228E+03    0.36836E-04
    0.20637E+03    0.34728E-04
    0.21054E+03    0.32736E-04
    0.21479E+03    0.30855E-04
    0.21913E+03    0.29079E-04
    0.22356E+03    0.27401E-04
    0.22807E+03    0.25816E-04
    0.23268E+03    0.24320E-04
    0.23738E+03    0.22907E-04
    0.24217E+03    0.21574E-04
    0.24707E+03    0.20315E-04
    0.25206E+03    0.19127E-04
    0.25715E+03    0.18005E-04
    0.26234E+03    0.16947E-04
    0.26764E+03    0.15948E-04
    0.27305E+03    0.15006E-04
    0.27857E+03    0.14118E-04
    0.28419E+03    0.13280E-04
    0.28994E+03    0.12489E-04
    0.29579E+03    0.11744E-04
    0.30177E+03    0.11041E-04
    0.30786E+03    0.10379E-04
    0.31408E+03    0.97544E-05
    0.32043E+03    0.91660E-05
    0.32690E+03    0.86116E-05
    0.33351E+03    0.80893E-05
    0.34024E+03    0.75974E-05
    0.34712E+03    0.71342E-05
    0.35413E+03    0.66981E-05
    0.36128E+03    0.62875E-05
    0.36858E+03    0.59011E-05
    0.37603E+03    0.55376E-05
    0.38362E+03    0.51955E-05
    0.39137E+03    0.48737E-05
    0.39928E+03    0.45711E-05
    0.40734E+03    0.42866E-05
    0.41557E+03    0.40192E-05
    0.42397E+03    0.37679E-05
    0.43253E+03    0.35318E-05
    0.44127E+03    0.33100E-05
    0.45019E+03    0.31017E-05
    0.45928E+03    0.29062E-05
    0.46856E+03    0.27227E-05
    0.47802E+03    0.25504E-05
    0.48768E+03    0.23888E-05
    0.49753E+03    0.22372E-05
    0.50758E+03    0.20950E-05
    0.51784E+03    0.19616E-05
    0.52830E+03    0.18367E-05
    0.53897E+03    0.17195E-05
    0.54986E+03    0.16098E-05
    0.56097E+03    0.15069E-05
    0.57230E+03    0.14106E-05
    0.58386E+03    0.13204E-05
    0.59565E+03    0.12359E-05
    0.60769E+03    0.11569E-05
    0.61996E+03    0.10828E-05
    0.63249E+03    0.10136E-05
    0.64526E+03    0.94870E-06
    0.65830E+03    0.88800E-06
    0.67160E+03    0.83119E-06
    0.68516E+03    0.77802E-06
    0.69901E+03    0.72827E-06
    0.71313E+03    0.68170E-06
    0.72753E+03    0.63813E-06
    0.74223E+03    0.59735E-06
    0.75722E+03    0.55919E-06
    0.77252E+03    0.52348E-06
    0.78813E+03    0.49007E-06
    0.80405E+03    0.45880E-06
    0.82029E+03    0.42954E-06
    0.83686E+03    0.40216E-06
    0.85377E+03    0.37653E-06
    0.87101E+03    0.35254E-06
    0.88861E+03    0.33010E-06
    0.90656E+03    0.30909E-06
    0.92488E+03    0.28942E-06
    0.94356E+03    0.27102E-06
    0.96262E+03    0.25379E-06
    0.98207E+03    0.23766E-06
    0.10019E+04    0.22257E-06
    0.10221E+04    0.20843E-06
    0.10428E+04    0.19520E-06
    0.10639E+04    0.18281E-06
    0.10854E+04    0.17121E-06
    0.11073E+04    0.16035E-06
    0.11296E+04    0.15017E-06
    0.11525E+04    0.14065E-06
    0.11757E+04    0.13172E-06
